2.869756e-01
2.887936e-01
2.907746e-01
2.932568e-01
2.960206e-01
2.997844e-01
3.050552e-01
3.122220e-01
3.217091e-01
3.346497e-01
3.530881e-01
3.773140e-01
4.061676e-01
4.446979e-01
4.832747e-01
5.245601e-01
5.646369e-01
5.998081e-01
6.296145e-01
6.540199e-01
6.728842e-01
6.864828e-01
6.962547e-01
7.034428e-01
7.086195e-01
7.123130e-01
7.151013e-01
7.173395e-01
7.192147e-01
7.208903e-01
2.839878e-01
2.862648e-01
2.887553e-01
2.914836e-01
2.947189e-01
2.989057e-01
3.045868e-01
3.121826e-01
3.226109e-01
3.371029e-01
3.561805e-01
3.811670e-01
4.129199e-01
4.485081e-01
4.842382e-01
5.223776e-01
5.612176e-01
5.963197e-01
6.271881e-01
6.512938e-01
6.703578e-01
6.857638e-01
6.962116e-01
7.039448e-01
7.094676e-01
7.135048e-01
7.167073e-01
7.194084e-01
7.219865e-01
7.239982e-01
2.807506e-01
2.828480e-01
2.854348e-01
2.885451e-01
2.922128e-01
2.969002e-01
3.033720e-01
3.121823e-01
3.233854e-01
3.394725e-01
3.592074e-01
3.845035e-01
4.148595e-01
4.489285e-01
4.837078e-01
5.211582e-01
5.574167e-01
5.928564e-01
6.232742e-01
6.483350e-01
6.683968e-01
6.845241e-01
6.964639e-01
7.051893e-01
7.113914e-01
7.158703e-01
7.196349e-01
7.226062e-01
7.251298e-01
7.270199e-01
2.783706e-01
2.795452e-01
2.815966e-01
2.844598e-01
2.883517e-01
2.935358e-01
3.007808e-01
3.105199e-01
3.231070e-01
3.398791e-01
3.602446e-01
3.858210e-01
4.155468e-01
4.484760e-01
4.845058e-01
5.202979e-01
5.556975e-01
5.912280e-01
6.219394e-01
6.468030e-01
6.683351e-01
6.849174e-01
6.979600e-01
7.073740e-01
7.144665e-01
7.195832e-01
7.235004e-01
7.263028e-01
7.283234e-01
7.295859e-01
2.756314e-01
2.759642e-01
2.769990e-01
2.791643e-01
2.828657e-01
2.883340e-01
2.960059e-01
3.064149e-01
3.200999e-01
3.376004e-01
3.588465e-01
3.850160e-01
4.152423e-01
4.481944e-01
4.842459e-01
5.193301e-01
5.559787e-01
5.913062e-01
6.224210e-01
6.487264e-01
6.707411e-01
6.880601e-01
7.017025e-01
7.119736e-01
7.193679e-01
7.249713e-01
7.285222e-01
7.305902e-01
7.317465e-01
7.320969e-01
2.710496e-01
2.705976e-01
2.704310e-01
2.722013e-01
2.754985e-01
2.810979e-01
2.891222e-01
2.998318e-01
3.138656e-01
3.313720e-01
3.539719e-01
3.808838e-01
4.120675e-01
4.458250e-01
4.842596e-01
5.204861e-01
5.576338e-01
5.939513e-01
6.260994e-01
6.533089e-01
6.767634e-01
6.946206e-01
7.084507e-01
7.188698e-01
7.266491e-01
7.318338e-01
7.351321e-01
7.366078e-01
7.369687e-01
7.366004e-01
2.610019e-01
2.606809e-01
2.609967e-01
2.626928e-01
2.661926e-01
2.715336e-01
2.793359e-01
2.898954e-01
3.038281e-01
3.221724e-01
3.453345e-01
3.732684e-01
4.056095e-01
4.429676e-01
4.838246e-01
5.216274e-01
5.629591e-01
6.009157e-01
6.340664e-01
6.623856e-01
6.862462e-01
7.040359e-01
7.177897e-01
7.284654e-01
7.361671e-01
7.411187e-01
7.443502e-01
7.458050e-01
7.466224e-01
7.462407e-01
2.442694e-01
2.455287e-01
2.476724e-01
2.507417e-01
2.549116e-01
2.601701e-01
2.675569e-01
2.781040e-01
2.918600e-01
3.107397e-01
3.356265e-01
3.636984e-01
3.980969e-01
4.401733e-01
4.829970e-01
5.245857e-01
5.676144e-01
6.075996e-01
6.435083e-01
6.733683e-01
6.975156e-01
7.152983e-01
7.298597e-01
7.397843e-01
7.471732e-01
7.526138e-01
7.562974e-01
7.590653e-01
7.614850e-01
7.625700e-01
2.243761e-01
2.282227e-01
2.325205e-01
2.366529e-01
2.414248e-01
2.473342e-01
2.546469e-01
2.654133e-01
2.798349e-01
2.991588e-01
3.254707e-01
3.566302e-01
3.937107e-01
4.365907e-01
4.820413e-01
5.276375e-01
5.717734e-01
6.135121e-01
6.511640e-01
6.832888e-01
7.082230e-01
7.269900e-01
7.413897e-01
7.521958e-01
7.599218e-01
7.656017e-01
7.703013e-01
7.746238e-01
7.787588e-01
7.823673e-01
2.099929e-01
2.135084e-01
2.174204e-01
2.213544e-01
2.261008e-01
2.327859e-01
2.413671e-01
2.535862e-01
2.697481e-01
2.908913e-01
3.192768e-01
3.530034e-01
3.913505e-01
4.358634e-01
4.815165e-01
5.298341e-01
5.742362e-01
6.164830e-01
6.548093e-01
6.883585e-01
7.151795e-01
7.366510e-01
7.532609e-01
7.652366e-01
7.739027e-01
7.803540e-01
7.849909e-01
7.892576e-01
7.927941e-01
7.958139e-01
2.013339e-01
2.025643e-01
2.038743e-01
2.052984e-01
2.089372e-01
2.155781e-01
2.261268e-01
2.406647e-01
2.601879e-01
2.844160e-01
3.143800e-01
3.500902e-01
3.909957e-01
4.346019e-01
4.809734e-01
5.295557e-01
5.749562e-01
6.185063e-01
6.582058e-01
6.930654e-01
7.219547e-01
7.462983e-01
7.655692e-01
7.800800e-01
7.903929e-01
7.969212e-01
8.002032e-01
8.023008e-01
8.033469e-01
8.040051e-01
1.951396e-01
1.934727e-01
1.907308e-01
1.889027e-01
1.897413e-01
1.950806e-01
2.075965e-01
2.252613e-01
2.486705e-01
2.758507e-01
3.095858e-01
3.466663e-01
3.888992e-01
4.344919e-01
4.818657e-01
5.293352e-01
5.764162e-01
6.205792e-01
6.621911e-01
6.993497e-01
7.304571e-01
7.581369e-01
7.806348e-01
7.984335e-01
8.099430e-01
8.155384e-01
8.162401e-01
8.146065e-01
8.122547e-01
8.102126e-01
1.878743e-01
1.828415e-01
1.760945e-01
1.692267e-01
1.652630e-01
1.677858e-01
1.826871e-01
2.057618e-01
2.323605e-01
2.646357e-01
2.998948e-01
3.388281e-01
3.817920e-01
4.313177e-01
4.802044e-01
5.312059e-01
5.798782e-01
6.253360e-01
6.695719e-01
7.074215e-01
7.419482e-01
7.732693e-01
8.006851e-01
8.229729e-01
8.366195e-01
8.389513e-01
8.349976e-01
8.287940e-01
8.223886e-01
8.177771e-01
1.770287e-01
1.684794e-01
1.591022e-01
1.473776e-01
1.349990e-01
1.305274e-01
1.496692e-01
1.805405e-01
2.134024e-01
2.484176e-01
2.869576e-01
3.282159e-01
3.752282e-01
4.271061e-01
4.802815e-01
5.313023e-01
5.837062e-01
6.311676e-01
6.793662e-01
7.208788e-01
7.571999e-01
7.917066e-01
8.246072e-01
8.539904e-01
8.730943e-01
8.688982e-01
8.569892e-01
8.454106e-01
8.367247e-01
8.287066e-01
1.621667e-01
1.551148e-01
1.445224e-01
1.302183e-01
1.074858e-01
0.000000e+00
1.191278e-01
1.615109e-01
1.978792e-01
2.348935e-01
2.744308e-01
3.180278e-01
3.689152e-01
4.219578e-01
4.799564e-01
5.349238e-01
5.867128e-01
6.382146e-01
6.876061e-01
7.326547e-01
7.693484e-01
8.059673e-01
8.443064e-01
8.847142e-01
1.000000e+00
8.963362e-01
8.732420e-01
8.592292e-01
8.493050e-01
8.414878e-01
1.627943e-01
1.547565e-01
1.449634e-01
1.296894e-01
1.082373e-01
0.000000e+00
1.193205e-01
1.604978e-01
1.984064e-01
2.349254e-01
2.765959e-01
3.176318e-01
3.675323e-01
4.229109e-01
4.752857e-01
5.342270e-01
5.875441e-01
6.410906e-01
6.878399e-01
7.313470e-01
7.705978e-01
8.070422e-01
8.444262e-01
8.850544e-01
1.000000e+00
8.952570e-01
8.732820e-01
8.597952e-01
8.492948e-01
8.418861e-01
1.771994e-01
1.681925e-01
1.584375e-01
1.474609e-01
1.346553e-01
1.299263e-01
1.484863e-01
1.805081e-01
2.137707e-01
2.495041e-01
2.877510e-01
3.303417e-01
3.759563e-01
4.251448e-01
4.771433e-01
5.289025e-01
5.838931e-01
6.336844e-01
6.796503e-01
7.196414e-01
7.578365e-01
7.927148e-01
8.257087e-01
8.558264e-01
8.741299e-01
8.695786e-01
8.570235e-01
8.463595e-01
8.371350e-01
8.296089e-01
1.884520e-01
1.826316e-01
1.759959e-01
1.693630e-01
1.653442e-01
1.688499e-01
1.820349e-01
2.052567e-01
2.335989e-01
2.662108e-01
3.012097e-01
3.402292e-01
3.835299e-01
4.288911e-01
4.769971e-01
5.266040e-01
5.781104e-01
6.259154e-01
6.692175e-01
7.071566e-01
7.417908e-01
7.739885e-01
8.018776e-01
8.249437e-01
8.372850e-01
8.392326e-01
8.356411e-01
8.290803e-01
8.225050e-01
8.175329e-01
1.958059e-01
1.939868e-01
1.913634e-01
1.895303e-01
1.906451e-01
1.957763e-01
2.076385e-01
2.262748e-01
2.506486e-01
2.786568e-01
3.113953e-01
3.475589e-01
3.885406e-01
4.317687e-01
4.786872e-01
5.270644e-01
5.754333e-01
6.210953e-01
6.615815e-01
6.982287e-01
7.301984e-01
7.588284e-01
7.818706e-01
7.999193e-01
8.107404e-01
8.157830e-01
8.163346e-01
8.144777e-01
8.118560e-01
8.100928e-01
2.021281e-01
2.035519e-01
2.047930e-01
2.070754e-01
2.110762e-01
2.173343e-01
2.278365e-01
2.426399e-01
2.627591e-01
2.868959e-01
3.167380e-01
3.506043e-01
3.899617e-01
4.342915e-01
4.788406e-01
5.262789e-01
5.748946e-01
6.178530e-01
6.575522e-01
6.921602e-01
7.225692e-01
7.466792e-01
7.660918e-01
7.808002e-01
7.907985e-01
7.965339e-01
7.996490e-01
8.018895e-01
8.030184e-01
8.041744e-01
2.108597e-01
2.146780e-01
2.184865e-01
2.225525e-01
2.278360e-01
2.340682e-01
2.430114e-01
2.553501e-01
2.721376e-01
2.939788e-01
3.213252e-01
3.538355e-01
3.910816e-01
4.352828e-01
4.794562e-01
5.261997e-01
5.723538e-01
6.169686e-01
6.556796e-01
6.886027e-01
7.163094e-01
7.375568e-01
7.537725e-01
7.657805e-01
7.742358e-01
7.801618e-01
7.848465e-01
7.889936e-01
7.926135e-01
7.961180e-01
2.255622e-01
2.293615e-01
2.337542e-01
2.380919e-01
2.429716e-01
2.490838e-01
2.565256e-01
2.674234e-01
2.820201e-01
3.017316e-01
3.267621e-01
3.577897e-01
3.933274e-01
4.367416e-01
4.792894e-01
5.244131e-01
5.695501e-01
6.145410e-01
6.518396e-01
6.835492e-01
7.084717e-01
7.277088e-01
7.423034e-01
7.524855e-01
7.600852e-01
7.658885e-01
7.704639e-01
7.744321e-01
7.783644e-01
7.827180e-01
2.454914e-01
2.469962e-01
2.494187e-01
2.526046e-01
2.564957e-01
2.616750e-01
2.688079e-01
2.791517e-01
2.929736e-01
3.117906e-01
3.354135e-01
3.655716e-01
3.982636e-01
4.384616e-01
4.806679e-01
5.251318e-01
5.692148e-01
6.093530e-01
6.441462e-01
6.736141e-01
6.980131e-01
7.167330e-01
7.303699e-01
7.404452e-01
7.476129e-01
7.526502e-01
7.567445e-01
7.591252e-01
7.615427e-01
7.633560e-01
2.634654e-01
2.626906e-01
2.629098e-01
2.644381e-01
2.676941e-01
2.728052e-01
2.803309e-01
2.907739e-01
3.050361e-01
3.239899e-01
3.465350e-01
3.747482e-01
4.073585e-01
4.439920e-01
4.844567e-01
5.258052e-01
5.642945e-01
6.020985e-01
6.346707e-01
6.626528e-01
6.858374e-01
7.048161e-01
7.189986e-01
7.295242e-01
7.369472e-01
7.417328e-01
7.449616e-01
7.466401e-01
7.466029e-01
7.456317e-01
2.726740e-01
2.720962e-01
2.722590e-01
2.737602e-01
2.769316e-01
2.821463e-01
2.897870e-01
3.003724e-01
3.147542e-01
3.330076e-01
3.559062e-01
3.833775e-01
4.145720e-01
4.481775e-01
4.861063e-01
5.253594e-01
5.617016e-01
5.962447e-01
6.272425e-01
6.542005e-01
6.775521e-01
6.954326e-01
7.095771e-01
7.201882e-01
7.276753e-01
7.328049e-01
7.359205e-01
7.374792e-01
7.377066e-01
7.369658e-01
2.768738e-01
2.773025e-01
2.783119e-01
2.804459e-01
2.839473e-01
2.894991e-01
2.968006e-01
3.070266e-01
3.207562e-01
3.382514e-01
3.603369e-01
3.873976e-01
4.172661e-01
4.508509e-01
4.873640e-01
5.243589e-01
5.600825e-01
5.932974e-01
6.230051e-01
6.497632e-01
6.719417e-01
6.895747e-01
7.029524e-01
7.130026e-01
7.204288e-01
7.258241e-01
7.293303e-01
7.314335e-01
7.326165e-01
7.328381e-01
2.793282e-01
2.805367e-01
2.826221e-01
2.854516e-01
2.891649e-01
2.943581e-01
3.013245e-01
3.107922e-01
3.235160e-01
3.405625e-01
3.625294e-01
3.885371e-01
4.181553e-01
4.513726e-01
4.872080e-01
5.243930e-01
5.596742e-01
5.924527e-01
6.220965e-01
6.481765e-01
6.694676e-01
6.866449e-01
6.994563e-01
7.086791e-01
7.158118e-01
7.208337e-01
7.244388e-01
7.271511e-01
7.292358e-01
7.304512e-01
2.816173e-01
2.836372e-01
2.862949e-01
2.891527e-01
2.928067e-01
2.974377e-01
3.036553e-01
3.124621e-01
3.244159e-01
3.406222e-01
3.618637e-01
3.869764e-01
4.160295e-01
4.497051e-01
4.860843e-01
5.258635e-01
5.613181e-01
5.935999e-01
6.237731e-01
6.492483e-01
6.699702e-01
6.860114e-01
6.979272e-01
7.065194e-01
7.126154e-01
7.173133e-01
7.207408e-01
7.236649e-01
7.261010e-01
7.279514e-01
2.849867e-01
2.869295e-01
2.893640e-01
2.920444e-01
2.951872e-01
2.991812e-01
3.046049e-01
3.123553e-01
3.236502e-01
3.392604e-01
3.576296e-01
3.836089e-01
4.115658e-01
4.476029e-01
4.847439e-01
5.254819e-01
5.635153e-01
5.959554e-01
6.267328e-01
6.526421e-01
6.724053e-01
6.871510e-01
6.978813e-01
7.053755e-01
7.107255e-01
7.148075e-01
7.180378e-01
7.206295e-01
7.229836e-01
7.250142e-01
2.877873e-01
2.894811e-01
2.913404e-01
2.935800e-01
2.964186e-01
3.000775e-01
3.048470e-01
3.119821e-01
3.225107e-01
3.373138e-01
3.550368e-01
3.799958e-01
4.084611e-01
4.444506e-01
4.835703e-01
5.240330e-01
5.654504e-01
5.998878e-01
6.314231e-01
6.554770e-01
6.745915e-01
6.882960e-01
6.981786e-01
7.049965e-01
7.098453e-01
7.135264e-01
7.163440e-01
7.186112e-01
7.205367e-01
7.220222e-01
