5.931483e-05
2.689072e-04
7.501775e-04
1.443641e-03
1.949667e-03
1.918100e-03
1.563081e-03
1.170413e-03
8.164341e-04
5.449562e-04
3.316929e-04
2.290973e-04
1.320430e-04
1.200700e-04
1.057264e-04
1.113078e-04
1.449162e-04
1.863266e-04
2.409802e-04
3.345636e-04
5.021455e-04
7.781845e-04
1.164991e-03
1.540645e-03
1.854234e-03
1.861245e-03
1.412573e-03
7.912178e-04
2.928132e-04
6.695674e-05
1.358540e-04
4.275669e-04
9.616304e-04
1.529692e-03
1.956369e-03
1.977504e-03
1.640100e-03
1.318230e-03
9.723331e-04
7.202201e-04
5.157289e-04
3.802551e-04
2.886522e-04
2.498225e-04
2.441810e-04
2.193148e-04
2.638060e-04
2.982346e-04
3.824956e-04
5.139685e-04
6.693073e-04
9.611503e-04
1.292723e-03
1.676299e-03
1.892113e-03
1.886192e-03
1.512348e-03
9.656914e-04
4.477719e-04
1.510178e-04
4.308577e-04
8.140135e-04
1.286752e-03
1.727902e-03
1.906097e-03
1.935434e-03
1.715019e-03
1.561640e-03
1.327702e-03
1.088022e-03
9.425656e-04
7.812553e-04
6.767592e-04
5.995199e-04
5.599400e-04
5.537284e-04
5.655314e-04
6.297574e-04
7.144986e-04
8.761190e-04
1.062206e-03
1.278440e-03
1.529322e-03
1.780495e-03
2.007412e-03
1.929522e-03
1.687942e-03
1.298965e-03
7.973293e-04
4.213453e-04
9.214704e-04
1.253623e-03
1.518610e-03
1.790268e-03
1.935514e-03
1.970543e-03
1.843671e-03
1.731423e-03
1.631408e-03
1.502776e-03
1.401750e-03
1.315859e-03
1.236099e-03
1.105276e-03
1.064166e-03
1.070968e-03
1.062146e-03
1.111648e-03
1.208022e-03
1.309047e-03
1.509137e-03
1.591448e-03
1.769242e-03
1.894974e-03
1.973063e-03
1.919140e-03
1.800470e-03
1.658765e-03
1.255234e-03
8.703976e-04
9.496974e-04
1.292073e-03
1.591118e-03
1.758490e-03
1.880050e-03
1.923051e-03
1.844511e-03
1.747567e-03
1.667627e-03
1.539665e-03
1.387147e-03
1.317579e-03
1.237579e-03
1.163161e-03
1.176764e-03
1.132013e-03
1.061365e-03
1.145216e-03
1.240080e-03
1.371503e-03
1.507577e-03
1.629917e-03
1.741515e-03
1.854054e-03
1.962681e-03
1.913298e-03
1.812803e-03
1.686632e-03
1.325781e-03
9.325431e-04
5.229507e-04
9.375344e-04
1.357199e-03
1.720240e-03
1.911588e-03
1.876729e-03
1.762301e-03
1.558230e-03
1.414734e-03
1.181455e-03
9.935184e-04
8.988947e-04
8.125631e-04
7.251413e-04
6.671468e-04
6.984246e-04
6.600850e-04
7.066467e-04
8.241660e-04
9.722031e-04
1.212663e-03
1.403351e-03
1.637389e-03
1.812823e-03
1.920200e-03
1.946837e-03
1.677929e-03
1.470808e-03
9.543286e-04
5.094474e-04
2.742586e-04
6.342786e-04
1.154319e-03
1.642381e-03
1.880950e-03
1.839290e-03
1.650803e-03
1.417964e-03
1.135054e-03
8.735984e-04
6.901025e-04
5.429357e-04
4.486322e-04
3.941385e-04
3.727132e-04
3.758240e-04
4.043611e-04
4.186447e-04
4.921930e-04
6.398600e-04
8.769692e-04
1.146507e-03
1.361160e-03
1.668267e-03
1.927952e-03
1.936154e-03
1.622816e-03
1.161020e-03
6.362891e-04
2.746187e-04
1.829457e-04
5.528782e-04
1.073428e-03
1.568862e-03
1.911338e-03
1.926442e-03
1.633858e-03
1.373003e-03
1.014114e-03
7.276419e-04
5.666617e-04
4.536334e-04
3.493673e-04
2.754289e-04
2.598150e-04
2.797799e-04
2.983846e-04
3.369242e-04
4.113428e-04
5.480470e-04
7.792648e-04
1.040880e-03
1.343516e-03
1.623506e-03
1.884291e-03
1.905956e-03
1.624776e-03
1.044711e-03
5.139285e-04
1.958790e-04
2.541435e-04
6.036709e-04
1.174254e-03
1.613693e-03
1.826517e-03
1.918730e-03
1.707917e-03
1.427017e-03
1.091613e-03
8.318180e-04
6.314579e-04
5.073668e-04
4.354589e-04
3.676719e-04
3.545086e-04
3.753638e-04
4.026207e-04
4.460815e-04
5.327632e-04
6.472318e-04
8.795799e-04
1.085601e-03
1.425136e-03
1.712288e-03
1.935294e-03
1.928002e-03
1.660005e-03
1.161230e-03
6.302276e-04
2.721980e-04
5.127482e-04
9.311928e-04
1.359510e-03
1.711848e-03
1.894804e-03
1.832038e-03
1.794649e-03
1.582536e-03
1.361820e-03
1.136784e-03
9.543586e-04
8.500325e-04
7.120480e-04
6.745086e-04
6.619055e-04
6.463716e-04
7.092773e-04
7.822756e-04
8.775894e-04
1.010473e-03
1.198900e-03
1.374324e-03
1.583486e-03
1.789917e-03
1.894564e-03
1.903096e-03
1.780565e-03
1.414574e-03
1.012893e-03
5.941885e-04
9.603801e-04
1.344236e-03
1.633018e-03
1.829907e-03
1.919840e-03
1.827457e-03
1.838360e-03
1.687872e-03
1.594419e-03
1.397789e-03
1.280590e-03
1.249372e-03
1.146207e-03
1.105456e-03
1.072968e-03
1.040590e-03
1.131303e-03
1.163241e-03
1.264656e-03
1.372963e-03
1.491513e-03
1.614254e-03
1.761910e-03
1.899725e-03
1.924661e-03
1.921730e-03
1.874899e-03
1.719950e-03
1.397119e-03
1.048722e-03
9.099675e-04
1.300685e-03
1.587587e-03
1.836809e-03
1.932773e-03
1.945346e-03
1.830068e-03
1.692063e-03
1.570163e-03
1.427067e-03
1.300545e-03
1.209922e-03
1.141985e-03
1.073868e-03
1.046932e-03
1.001300e-03
1.103556e-03
1.119350e-03
1.213583e-03
1.294604e-03
1.465806e-03
1.623216e-03
1.783886e-03
1.907127e-03
1.943666e-03
1.978525e-03
1.864276e-03
1.714099e-03
1.391388e-03
9.682421e-04
4.411303e-04
8.157239e-04
1.289992e-03
1.712248e-03
1.911188e-03
1.926312e-03
1.772503e-03
1.507687e-03
1.281230e-03
1.061145e-03
9.110978e-04
7.530883e-04
6.161740e-04
5.930283e-04
5.628107e-04
5.727032e-04
5.922581e-04
6.433608e-04
7.555289e-04
9.088272e-04
1.089642e-03
1.317849e-03
1.610643e-03
1.848902e-03
1.955429e-03
1.993798e-03
1.773673e-03
1.364071e-03
8.446412e-04
4.297874e-04
1.293423e-04
4.210653e-04
9.343936e-04
1.589137e-03
1.944346e-03
1.938255e-03
1.661215e-03
1.268937e-03
9.453663e-04
6.703776e-04
4.665966e-04
3.426457e-04
2.639260e-04
2.319380e-04
2.273568e-04
2.168142e-04
2.318380e-04
2.965541e-04
3.786647e-04
5.299825e-04
7.193398e-04
9.512478e-04
1.327582e-03
1.702846e-03
1.955599e-03
1.912798e-03
1.610623e-03
1.038140e-03
4.532933e-04
1.513578e-04
7.265816e-05
2.826307e-04
7.779445e-04
1.481890e-03
1.930153e-03
1.845931e-03
1.507397e-03
1.111878e-03
7.626107e-04
4.904326e-04
2.990948e-04
1.983096e-04
1.562391e-04
1.296524e-04
1.185696e-04
1.071668e-04
1.157489e-04
1.454564e-04
2.164441e-04
3.284121e-04
5.008452e-04
7.354239e-04
1.145496e-03
1.601450e-03
1.881820e-03
1.883271e-03
1.472478e-03
8.243761e-04
3.014854e-04
7.555889e-05
6.643661e-05
2.838910e-04
8.166142e-04
1.447992e-03
1.830828e-03
1.828127e-03
1.543506e-03
1.094264e-03
7.732133e-04
4.834409e-04
2.917529e-04
2.101325e-04
1.541785e-04
1.263916e-04
9.284321e-05
9.780445e-05
1.160490e-04
1.549887e-04
2.274769e-04
3.054864e-04
4.938235e-04
7.547887e-04
1.157729e-03
1.597509e-03
1.903766e-03
1.863506e-03
1.461795e-03
7.822856e-04
2.876119e-04
6.719680e-05
1.377144e-04
4.387297e-04
9.895274e-04
1.520200e-03
1.797109e-03
1.844781e-03
1.603451e-03
1.251963e-03
9.126182e-04
6.801200e-04
4.709777e-04
3.203801e-04
2.763591e-04
2.582646e-04
2.171343e-04
2.016704e-04
2.437809e-04
2.694274e-04
3.484071e-04
4.912828e-04
6.523431e-04
9.323731e-04
1.271738e-03
1.718030e-03
1.906027e-03
1.853613e-03
1.562221e-03
9.537784e-04
4.318580e-04
1.400550e-04
4.364691e-04
8.118030e-04
1.276549e-03
1.640120e-03
1.837889e-03
1.889042e-03
1.684161e-03
1.482281e-03
1.231068e-03
1.056214e-03
8.167142e-04
7.047062e-04
6.478320e-04
5.826957e-04
5.402751e-04
5.184496e-04
5.583496e-04
6.062816e-04
7.529282e-04
8.601950e-04
1.013893e-03
1.276799e-03
1.530253e-03
1.816394e-03
1.930233e-03
1.866277e-03
1.673638e-03
1.293073e-03
7.865766e-04
4.411203e-04
8.952038e-04
1.243891e-03
1.538485e-03
1.701605e-03
1.802861e-03
1.865336e-03
1.714219e-03
1.616244e-03
1.422586e-03
1.385966e-03
1.255604e-03
1.198500e-03
1.123931e-03
1.038860e-03
1.014624e-03
1.010863e-03
1.034799e-03
1.088862e-03
1.220325e-03
1.299735e-03
1.352128e-03
1.575064e-03
1.710798e-03
1.864236e-03
1.993028e-03
1.929732e-03
1.795599e-03
1.564071e-03
1.274109e-03
9.197399e-04
9.286022e-04
1.273758e-03
1.520250e-03
1.675909e-03
1.790508e-03
1.784736e-03
1.723851e-03
1.638280e-03
1.531883e-03
1.391548e-03
1.297734e-03
1.249122e-03
1.136394e-03
1.065336e-03
1.109457e-03
1.053123e-03
1.087192e-03
1.135424e-03
1.254184e-03
1.337294e-03
1.455724e-03
1.586617e-03
1.708087e-03
1.841120e-03
1.968122e-03
1.918920e-03
1.822656e-03
1.666687e-03
1.331873e-03
9.794549e-04
5.183896e-04
9.342436e-04
1.348397e-03
1.665266e-03
1.870898e-03
1.864166e-03
1.681720e-03
1.501495e-03
1.332593e-03
1.050033e-03
9.456464e-04
8.403001e-04
6.945636e-04
6.659065e-04
6.804301e-04
6.590348e-04
6.640460e-04
6.964341e-04
8.462616e-04
9.625606e-04
1.158770e-03
1.350038e-03
1.563971e-03
1.817104e-03
1.935474e-03
1.944466e-03
1.732873e-03
1.418305e-03
9.791148e-04
5.590798e-04
2.589047e-04
6.089922e-04
1.099225e-03
1.534304e-03
1.786497e-03
1.874249e-03
1.694444e-03
1.349587e-03
1.070478e-03
8.148637e-04
6.439610e-04
4.867317e-04
3.983596e-04
3.440060e-04
3.587397e-04
3.243311e-04
3.564191e-04
4.149337e-04
4.968342e-04
6.308377e-04
8.577044e-04
1.046352e-03
1.400640e-03
1.749437e-03
1.926262e-03
1.925181e-03
1.627427e-03
1.152918e-03
6.248062e-04
2.525631e-04
1.967692e-04
5.041860e-04
9.922381e-04
1.534714e-03
1.837149e-03
1.880650e-03
1.634429e-03
1.322541e-03
1.042131e-03
7.559790e-04
5.412853e-04
4.278670e-04
3.367542e-04
2.653763e-04
2.671568e-04
2.542436e-04
2.684371e-04
3.437759e-04
4.192548e-04
5.389347e-04
7.865566e-04
9.510378e-04
1.326392e-03
1.693823e-03
1.922431e-03
1.908177e-03
1.538375e-03
1.024076e-03
5.137184e-04
1.951388e-04
2.596649e-04
6.229957e-04
1.124881e-03
1.584566e-03
1.884861e-03
1.892863e-03
1.648692e-03
1.347977e-03
1.097674e-03
8.427307e-04
6.503626e-04
5.351338e-04
4.205051e-04
3.785846e-04
3.601300e-04
3.512378e-04
3.731133e-04
4.458815e-04
5.356939e-04
6.515029e-04
8.363291e-04
1.076639e-03
1.401870e-03
1.643361e-03
1.911128e-03
1.929802e-03
1.643361e-03
1.111538e-03
6.299475e-04
2.851113e-04
5.630808e-04
9.778645e-04
1.382616e-03
1.678870e-03
1.883261e-03
1.854724e-03
1.706527e-03
1.521330e-03
1.332473e-03
1.111878e-03
9.306427e-04
8.396499e-04
7.757339e-04
7.274419e-04
6.706077e-04
6.798900e-04
7.011453e-04
7.676819e-04
8.706777e-04
9.715329e-04
1.127822e-03
1.326352e-03
1.549447e-03
1.775274e-03
1.891963e-03
1.891863e-03
1.707887e-03
1.328002e-03
9.398650e-04
5.666017e-04
9.943686e-04
1.358920e-03
1.658885e-03
1.780515e-03
1.896934e-03
1.906847e-03
1.819495e-03
1.698805e-03
1.559750e-03
1.442341e-03
1.302976e-03
1.217084e-03
1.181445e-03
1.120650e-03
1.075379e-03
1.133793e-03
1.167112e-03
1.184266e-03
1.221005e-03
1.287672e-03
1.443671e-03
1.604001e-03
1.698735e-03
1.869427e-03
1.951528e-03
1.893773e-03
1.785776e-03
1.493563e-03
1.279390e-03
9.792748e-04
9.411353e-04
1.319180e-03
1.601450e-03
1.815374e-03
1.947337e-03
1.985466e-03
1.858955e-03
1.691973e-03
1.551798e-03
1.408622e-03
1.281230e-03
1.227117e-03
1.138405e-03
1.076169e-03
1.037789e-03
1.078370e-03
1.123131e-03
1.157909e-03
1.216604e-03
1.285481e-03
1.445431e-03
1.558290e-03
1.710588e-03
1.843511e-03
1.869717e-03
1.960950e-03
1.810393e-03
1.564831e-03
1.236119e-03
9.307627e-04
4.298075e-04
8.140935e-04
1.313838e-03
1.802971e-03
1.949347e-03
1.959740e-03
1.735654e-03
1.505166e-03
1.230798e-03
1.057764e-03
8.759090e-04
7.621805e-04
6.282671e-04
6.105826e-04
5.510178e-04
5.563391e-04
6.097324e-04
6.711278e-04
7.347737e-04
8.762891e-04
1.045241e-03
1.241140e-03
1.495024e-03
1.715939e-03
1.869737e-03
1.863046e-03
1.646142e-03
1.263176e-03
8.339685e-04
4.089022e-04
1.390548e-04
4.386197e-04
9.739435e-04
1.556649e-03
1.894654e-03
1.865216e-03
1.612633e-03
1.230268e-03
8.729082e-04
6.867517e-04
5.102076e-04
3.816254e-04
2.882321e-04
2.533433e-04
2.362991e-04
2.197649e-04
2.571243e-04
3.228207e-04
3.522581e-04
4.621955e-04
6.490423e-04
8.666667e-04
1.265346e-03
1.596569e-03
1.861435e-03
1.789407e-03
1.509907e-03
9.321230e-04
4.453913e-04
1.535484e-04
6.541635e-05
2.974344e-04
7.957589e-04
1.415754e-03
1.831588e-03
1.865306e-03
1.504766e-03
1.070038e-03
6.931233e-04
4.791998e-04
3.270618e-04
2.164141e-04
1.512378e-04
1.288622e-04
1.067867e-04
1.146087e-04
1.283321e-04
1.636609e-04
2.118930e-04
3.061365e-04
4.669367e-04
7.292823e-04
1.084331e-03
1.533103e-03
1.805681e-03
1.763281e-03
1.366892e-03
6.997849e-04
2.855314e-04
6.449612e-05
