425 395 396 366 336 337 338 339 340 341 342 312 313 314 315 316 317 318 319 320 321 322 323 353 383 384 414 444 
455 485 486 516 517 547 577 578 579 580 581 582 583 584 585 586 587 588 589 559 560 590 591 592 593 594 564 534 504 474 
425 395 365 366 336 306 307 308 309 310 311 312 342 343 344 345 315 316 346 347 348 349 350 351 352 353 354 384 385 415 444 
455 485 515 516 546 547 548 549 550 551 552 553 554 555 556 557 558 559 589 590 560 561 562 532 533 503 474 
425 426 396 366 367 368 338 339 340 341 342 343 313 314 344 345 346 347 317 318 319 320 350 351 352 382 383 413 444 
425 395 365 335 305 306 276 246 216 186 156 126 127 128 129 99 100 101 102 132 133 134 135 136 137 138 108 109 110 140 141 142 172 173 174 204 234 264 294 324 325 355 385 384 414 444 
455 456 486 487 517 518 548 578 579 580 550 551 581 582 552 553 583 584 585 586 587 588 589 559 560 590 591 561 562 563 533 503 474 
425 395 396 397 367 337 338 308 309 310 311 312 313 343 344 314 315 316 317 347 348 349 350 320 321 351 352 353 383 413 414 444 
455 485 486 516 517 518 548 549 550 580 581 551 552 582 583 553 554 555 556 557 558 559 589 590 560 561 591 592 562 563 564 565 535 505 474 
425 395 365 335 336 306 276 277 247 217 187 157 127 97 98 99 129 130 131 132 102 103 104 105 106 107 108 138 139 140 110 111 112 142 143 173 203 204 205 235 265 295 325 324 354 353 352 351 381 382 383 384 385 415 444 
425 424 394 364 365 366 367 368 369 370 340 341 342 343 313 314 344 345 346 347 317 318 319 320 350 380 381 382 412 413 444 
455 485 515 545 546 576 606 636 666 696 726 756 757 758 759 760 761 762 763 793 794 795 765 766 767 768 798 799 800 770 771 772 773 774 775 745 715 685 655 625 595 565 564 534 504 474 
455 454 484 514 544 545 575 576 577 607 637 667 697 727 757 787 788 789 759 760 790 791 792 793 763 764 765 795 796 797 798 768 769 770 800 801 771 741 742 743 744 714 684 654 624 594 593 563 562 561 531 532 502 503 504 474 
425 424 394 364 334 335 305 275 245 215 185 186 156 157 158 159 129 130 100 101 102 132 133 134 135 105 106 136 137 138 108 109 139 140 170 171 172 142 112 113 114 144 145 175 205 204 203 233 263 293 323 324 354 384 414 444 
455 485 515 516 546 576 577 578 579 580 550 551 581 582 552 553 583 584 585 586 587 588 589 619 620 621 622 592 562 532 533 534 535 536 506 505 474 
425 424 394 395 365 364 334 304 305 306 307 308 278 279 309 339 340 310 311 312 313 343 344 314 315 316 317 347 348 318 288 289 290 291 292 322 323 353 354 355 385 386 416 415 444 
455 454 484 514 515 545 544 574 604 605 606 607 608 578 577 547 548 549 550 580 581 551 552 582 583 553 554 555 556 557 558 559 560 590 591 561 562 592 622 623 593 594 564 565 566 536 535 534 533 503 474 
425 395 394 364 334 304 274 244 214 184 185 155 125 126 96 97 127 128 129 99 100 130 131 132 102 103 104 105 135 136 106 107 108 138 139 109 110 111 141 171 172 202 203 204 205 206 236 235 234 264 263 293 294 295 296 326 356 386 385 384 383 413 414 444 
425 426 396 366 336 337 307 277 278 308 338 339 309 310 280 281 282 312 342 343 313 314 344 345 346 347 317 318 348 349 350 320 290 291 321 322 352 382 383 384 385 415 445 444 
455 485 515 545 575 605 635 665 695 725 726 727 728 758 759 789 790 791 761 762 763 793 794 764 765 766 767 768 798 799 769 770 771 801 802 772 742 712 713 683 653 623 593 563 533 534 535 505 474 
455 456 486 487 517 547 577 578 548 518 519 520 550 551 581 582 552 553 583 584 614 615 616 586 587 588 618 619 589 590 620 621 591 592 593 594 595 565 564 534 504 474 
425 424 454 484 514 513 543 573 603 604 634 664 665 666 667 668 698 728 729 730 760 761 791 792 793 763 764 794 795 796 797 798 768 769 799 800 801 771 772 802 803 773 743 713 683 653 623 624 594 564 563 562 561 531 532 502 503 504 474 
425 395 394 393 363 333 303 304 274 275 245 215 216 186 187 188 158 128 98 99 129 159 160 161 131 101 102 132 133 134 135 105 106 136 137 138 108 109 139 140 141 142 143 144 174 173 172 171 201 202 232 262 292 293 323 322 352 353 383 382 412 413 444 
455 454 424 423 393 363 333 334 335 336 306 305 275 276 246 247 277 307 337 338 308 309 279 280 310 340 370 371 341 342 312 313 283 284 314 315 285 286 287 288 318 348 378 379 380 350 351 381 411 412 442 443 444 
455 485 515 545 546 547 577 607 608 609 610 611 612 613 614 584 585 586 556 557 558 528 529 530 531 501 502 472 473 474 
455 456 486 516 517 518 519 549 579 580 581 551 552 582 583 553 554 555 556 586 587 617 618 588 589 619 620 590 560 561 591 621 622 623 624 625 626 596 566 565 535 536 506 505 475 474 
425 426 396 397 367 337 307 308 278 279 309 339 369 370 340 341 371 372 342 312 282 283 313 343 344 345 315 316 317 287 288 318 319 289 290 320 321 291 292 322 323 324 325 355 354 384 414 444 
425 394 395 365 335 334 304 303 273 274 244 245 246 276 277 278 308 338 339 340 310 311 312 342 343 314 284 285 315 345 346 316 286 287 317 347 348 318 288 289 319 320 350 380 381 351 352 322 292 293 294 324 354 355 385 386 416 415 414 444 
455 486 485 484 454 424 394 364 365 335 305 304 274 273 243 244 214 215 185 155 156 126 127 97 67 68 98 128 158 159 129 130 100 101 131 132 162 163 133 103 104 105 135 136 106 107 137 167 168 169 170 171 141 111 112 82 83 113 143 142 172 173 174 204 234 235 265 266 296 326 327 357 356 386 385 384 383 413 443 444 
425 396 395 394 424 454 453 483 513 514 544 574 575 605 635 665 664 694 724 725 755 756 786 787 757 758 788 789 759 760 790 791 761 762 732 733 763 793 794 764 765 766 767 768 738 739 740 741 771 801 802 803 804 774 744 745 746 716 715 714 684 685 655 625 624 623 622 592 562 532 533 503 473 474 
455 484 485 486 516 546 576 606 636 666 665 695 696 697 698 728 758 788 818 819 789 790 760 730 731 732 762 763 733 734 764 794 795 765 735 736 737 738 739 769 770 800 830 831 832 833 834 804 805 775 776 746 745 744 714 715 716 686 656 626 625 595 594 593 563 564 565 566 536 535 505 504 474 
455 454 484 514 544 545 575 576 577 547 548 578 579 549 550 520 521 522 523 553 583 613 614 584 554 585 615 616 617 587 557 527 528 558 559 560 530 531 561 562 563 533 534 504 474 
425 424 423 393 363 364 334 335 365 366 336 337 307 306 276 275 245 246 216 217 218 188 158 128 129 99 100 130 131 161 162 132 102 103 133 134 164 165 166 167 137 107 108 138 139 109 110 140 141 111 81 82 112 113 83 84 85 115 145 144 143 173 203 233 234 235 236 266 265 264 294 295 325 326 356 357 387 386 385 415 444 
425 395 396 366 365 364 394 393 423 453 483 513 543 573 574 604 603 633 663 693 694 695 725 724 754 755 785 786 756 757 787 788 758 728 698 699 700 730 760 761 791 792 793 763 764 734 735 765 795 796 797 798 799 800 770 740 741 742 743 744 745 715 685 684 654 653 652 622 592 593 594 595 596 597 567 566 565 535 534 533 532 502 503 474 
455 485 515 545 546 547 517 487 486 456 426 427 397 398 368 369 339 309 310 280 281 282 312 342 372 373 374 344 314 315 346 376 377 378 379 349 350 320 290 291 321 322 352 382 412 413 414 444 
455 456 426 396 366 367 337 336 306 307 277 247 246 245 244 243 213 214 184 154 124 94 95 96 66 67 97 98 68 69 70 71 72 102 132 133 163 164 134 135 105 106 136 137 107 77 78 79 80 81 111 141 171 172 173 143 144 114 115 116 146 176 175 205 235 234 233 263 264 265 295 294 293 323 353 383 382 381 411 412 442 443 444 
425 426 427 397 367 368 338 308 309 279 280 310 340 370 371 341 342 313 314 344 315 345 375 376 346 347 317 318 348 349 379 380 350 351 381 382 383 384 414 444 
425 394 395 365 364 363 333 303 304 305 306 336 366 396 426 456 457 487 488 518 548 549 519 520 550 551 581 582 552 553 584 614 615 585 555 586 556 587 588 618 619 589 590 591 592 622 623 653 654 624 594 595 565 564 534 533 532 531 501 502 472 473 474 
455 486 485 484 483 453 423 424 394 364 365 335 334 333 332 302 303 273 274 275 276 246 247 248 278 279 309 339 369 370 340 341 312 313 344 374 375 345 316 347 318 319 289 290 320 321 291 292 322 323 353 354 384 385 386 416 446 445 444 
425 396 395 394 424 454 484 483 513 512 542 543 544 574 604 634 635 636 637 638 639 609 610 611 581 551 552 582 612 613 583 584 555 585 556 557 558 528 529 530 531 532 562 563 564 594 624 625 626 627 597 596 566 567 537 536 506 476 475 474 
425 424 423 393 363 362 332 333 334 304 303 302 272 273 243 244 245 275 305 335 336 366 365 395 396 397 427 457 487 517 547 546 545 544 543 542 572 573 603 604 605 606 607 577 578 608 609 579 580 550 520 521 551 582 553 523 524 554 584 585 586 616 587 557 588 589 619 620 621 622 652 653 654 655 656 626 596 595 594 564 563 562 532 533 503 504 474 
425 395 364 334 335 305 275 274 244 214 215 216 246 276 277 307 337 338 339 340 310 311 342 312 343 313 283 284 314 345 315 285 286 316 317 287 288 289 319 320 350 380 410 411 412 413 444 
455 484 514 515 516 486 487 488 489 519 549 550 580 581 611 612 582 583 553 554 524 525 555 556 526 527 528 558 588 559 560 561 591 621 651 652 653 623 593 563 564 565 566 536 535 505 474 
455 454 453 483 484 485 486 516 517 547 577 607 608 578 548 518 519 520 550 581 552 583 554 555 525 526 556 586 557 587 617 618 619 589 590 620 650 651 652 653 654 655 625 595 594 593 592 562 563 533 534 504 474 
455 424 394 365 366 336 337 307 308 278 248 249 250 280 310 340 311 341 371 372 342 312 282 283 313 343 344 345 315 316 346 317 348 378 379 349 350 320 290 260 261 262 292 293 294 324 325 355 385 384 383 413 443 444 
455 485 484 454 424 395 366 367 337 336 306 276 275 245 215 214 213 183 184 154 155 125 126 156 186 216 217 187 157 158 188 189 159 129 130 160 161 162 163 133 103 73 74 104 105 135 136 166 167 168 169 170 140 110 111 141 142 112 82 83 53 23 24 54 84 114 144 145 175 176 206 236 235 265 266 296 297 327 326 325 324 354 355 356 386 387 417 416 415 445 444 
455 456 457 427 428 398 368 369 339 309 310 341 311 312 342 343 314 284 285 316 286 287 317 347 377 378 348 349 379 380 381 382 383 384 415 414 444 
425 426 456 486 487 517 516 546 576 606 636 635 634 664 665 666 696 726 756 786 787 817 818 788 758 759 789 819 820 821 791 761 731 732 733 763 793 823 824 794 764 765 766 796 826 827 797 767 737 738 768 769 799 829 830 831 832 802 772 773 774 775 745 744 743 742 712 682 652 622 623 624 625 655 656 657 627 597 598 568 567 566 565 535 534 533 504 474 
425 394 393 392 362 332 302 303 304 305 306 307 277 278 308 338 337 367 397 398 399 369 339 309 279 249 219 189 159 160 130 100 101 102 103 104 135 165 166 136 106 76 77 107 137 138 108 109 79 80 110 140 170 200 201 231 232 262 263 264 294 295 296 326 327 357 387 386 385 415 444 
455 486 485 515 514 544 543 542 572 602 603 633 634 635 636 606 576 577 547 517 487 457 456 426 396 366 337 367 368 338 308 278 248 218 188 158 128 98 99 129 159 189 190 191 161 131 132 102 72 73 103 133 134 105 75 76 106 107 108 138 139 140 110 80 81 82 112 142 143 113 114 84 54 24 25 55 85 86 116 117 147 146 145 144 174 173 172 202 203 204 234 264 263 293 292 291 321 351 352 353 383 414 444 
425 396 397 367 337 336 335 334 364 363 393 423 453 454 484 485 516 515 514 513 543 544 545 575 576 546 547 548 578 579 609 639 640 610 580 550 551 521 522 523 553 583 613 614 584 554 585 555 525 556 586 587 558 559 529 530 560 590 591 561 531 532 502 503 473 474 
425 424 454 483 482 512 542 543 573 574 575 605 635 665 695 696 666 636 637 667 697 727 728 729 730 731 761 791 821 822 823 793 794 795 796 766 767 797 827 828 829 799 769 739 740 770 771 741 711 712 713 683 684 685 686 656 655 654 624 623 622 592 593 594 595 565 564 534 535 536 537 507 506 505 475 474 
425 456 457 458 488 518 548 579 549 519 550 580 610 581 611 582 552 553 584 614 585 615 586 616 617 587 588 558 589 559 590 620 621 591 561 531 501 502 472 473 474 
425 395 365 364 363 333 303 273 272 242 243 213 183 153 154 184 185 215 245 275 276 306 336 366 396 426 456 486 516 515 545 544 574 604 634 633 663 664 694 693 723 753 754 784 785 755 756 726 727 757 758 788 789 759 760 761 762 763 733 734 735 736 737 767 768 798 828 829 799 769 770 800 801 771 772 742 743 713 714 684 683 653 623 624 625 626 596 597 567 537 536 506 476 475 474 
425 454 453 423 424 393 394 364 365 335 334 304 274 244 245 246 216 215 185 186 187 217 247 248 278 279 280 310 340 370 371 342 313 283 284 315 345 346 376 377 347 348 318 349 319 289 259 260 261 262 263 264 265 295 294 293 323 322 352 382 412 442 443 444 
455 426 427 397 396 365 334 333 332 331 301 302 272 273 243 244 214 184 154 153 123 124 125 155 156 157 187 186 216 246 247 277 307 337 338 309 339 369 340 310 280 281 311 341 342 372 373 374 345 315 346 347 317 318 348 319 349 320 321 322 292 262 232 233 234 235 236 266 267 297 327 326 356 355 354 384 413 414 444 
455 484 483 453 454 424 423 393 394 395 364 334 335 305 275 276 246 245 215 216 186 156 155 154 124 123 93 94 64 65 66 96 97 127 128 158 159 129 99 100 130 131 102 133 103 134 164 165 135 105 106 137 167 138 168 169 139 109 110 111 112 113 143 142 172 171 201 202 232 233 263 262 261 291 321 351 381 411 412 413 444 
455 454 453 483 513 514 515 516 517 547 577 576 575 605 606 607 637 636 666 667 668 669 699 729 759 789 790 791 792 763 794 765 795 825 826 796 766 797 798 799 800 770 740 710 711 712 682 683 684 685 655 625 624 594 564 563 562 532 503 474 
455 424 394 393 363 362 332 333 303 304 305 335 336 337 307 308 338 368 398 428 427 457 487 486 517 516 515 546 545 544 543 542 541 571 572 573 603 602 632 633 634 664 663 693 694 724 725 726 696 697 667 637 638 639 669 670 700 701 731 761 792 793 764 765 796 797 767 798 768 738 739 709 710 680 681 682 683 684 654 655 656 626 625 624 623 593 563 534 533 503 504 474 
455 485 486 456 457 427 428 398 368 338 308 307 277 247 217 187 186 185 155 125 95 65 35 5 6 7 37 67 68 98 128 129 130 160 161 131 101 132 162 163 164 134 104 74 75 105 135 165 136 166 137 108 78 79 109 139 169 170 171 141 111 81 51 52 53 83 84 85 115 145 146 147 177 176 175 174 204 205 235 234 233 232 262 292 322 323 324 325 355 385 386 416 446 445 444 
455 456 487 517 516 546 576 577 578 608 638 668 698 728 758 759 729 699 700 730 731 761 791 762 793 763 764 795 766 796 767 737 738 768 769 799 829 830 831 801 802 832 833 803 773 743 744 714 715 716 686 685 684 683 682 652 651 621 591 590 560 530 500 501 471 472 473 474 
425 426 427 428 458 488 518 517 516 515 514 513 512 542 572 602 603 604 605 635 665 664 694 695 725 755 785 815 816 846 876 877 847 817 787 757 727 697 698 668 638 608 578 548 549 579 609 610 580 551 521 552 582 612 613 584 555 585 615 616 586 556 526 557 527 558 588 618 589 560 561 562 533 534 535 505 504 474 
425 394 363 364 335 365 366 336 306 276 275 245 244 243 242 212 213 183 153 123 122 92 93 63 64 94 95 96 126 156 186 187 188 189 159 160 131 161 132 103 133 163 134 135 105 136 107 138 168 139 110 140 141 171 172 173 203 233 232 231 261 262 263 293 294 324 323 353 354 385 384 414 444 
455 486 515 485 484 454 453 423 424 395 396 367 338 368 369 370 341 311 281 282 312 313 314 315 345 375 376 347 377 348 318 288 319 320 351 321 291 292 293 263 264 265 266 296 295 325 326 327 328 358 357 356 355 354 353 352 382 413 443 444 
425 396 395 366 367 368 338 339 310 340 341 311 281 312 343 373 344 315 345 316 286 317 287 318 319 350 351 352 383 382 381 380 410 411 441 442 443 444 
425 424 393 364 363 333 334 305 306 276 277 247 217 218 219 249 250 251 252 282 313 344 374 375 346 316 347 318 348 378 349 350 380 381 351 321 322 292 262 232 233 234 235 236 237 267 266 265 264 294 295 296 297 327 357 356 326 325 324 354 353 384 385 414 444 
425 456 485 514 544 545 575 576 606 636 666 665 695 694 693 723 724 754 753 783 784 814 815 845 875 876 846 816 817 787 788 818 819 820 821 791 761 762 732 733 764 734 765 735 766 796 826 827 798 769 739 740 741 742 772 773 803 833 834 835 805 806 776 746 716 715 685 686 656 657 627 626 625 595 596 566 536 535 534 503 473 474 
425 395 365 336 335 306 307 337 367 397 427 426 456 486 485 484 514 513 543 573 574 575 605 604 603 633 634 635 636 637 607 608 609 579 549 580 610 611 581 582 553 523 554 584 585 555 586 556 587 557 558 528 529 499 500 530 531 561 591 592 562 563 533 534 504 474 
425 454 485 515 516 547 517 518 549 579 550 580 581 611 612 583 584 554 524 555 585 556 557 588 589 559 530 560 590 561 591 621 622 592 593 564 534 474 
455 426 396 395 394 424 453 452 482 483 484 515 545 546 577 547 548 518 488 489 519 549 579 609 580 550 581 551 552 522 553 582 583 613 614 615 585 586 616 587 617 618 648 649 650 651 652 653 654 624 625 626 627 628 598 599 569 568 567 566 565 564 535 536 505 474 
455 484 513 514 515 544 545 546 516 486 487 488 458 457 456 426 397 398 368 339 340 310 311 341 371 372 343 344 314 345 315 285 286 316 317 348 318 289 290 291 261 231 232 233 234 264 265 295 294 293 323 322 321 351 382 383 413 414 444 
455 454 484 485 516 517 518 519 489 490 520 551 581 552 522 523 524 525 555 556 586 557 587 558 588 559 529 560 530 561 562 592 622 623 594 595 565 534 505 475 474 
455 424 423 394 365 364 333 332 302 303 273 272 242 243 213 214 215 185 184 183 182 152 122 123 124 125 95 65 64 34 4 5 6 36 66 96 126 127 97 98 68 69 70 71 72 102 132 133 104 74 105 135 106 136 137 107 77 78 108 109 79 80 81 82 52 22 23 53 54 84 114 144 143 173 174 175 205 206 236 235 265 264 263 262 292 323 322 352 353 354 355 356 386 387 417 416 415 445 444 
455 485 514 545 574 604 605 606 576 546 547 517 487 457 458 428 398 397 396 366 337 336 307 277 276 246 216 215 214 184 185 186 156 157 158 188 218 248 249 279 310 280 311 341 312 282 252 253 283 314 284 254 255 285 316 346 317 347 348 318 288 258 259 289 320 350 321 352 322 292 293 294 264 265 266 267 297 298 328 327 326 356 355 354 353 383 384 415 444 
455 456 427 397 367 337 308 309 340 311 281 282 283 314 344 345 346 316 287 288 289 319 349 379 350 320 290 260 230 231 261 291 322 353 323 324 325 355 356 357 387 386 385 415 414 444 
425 426 395 396 397 368 367 366 336 335 304 274 244 245 246 247 277 278 308 339 309 310 341 311 342 343 313 283 253 254 284 285 315 316 346 376 377 378 379 349 380 351 321 291 261 262 263 293 292 322 323 324 355 384 383 414 415 445 444 
425 394 393 392 362 363 364 365 335 305 275 274 273 243 244 214 213 212 182 152 153 154 155 156 186 216 217 247 248 278 308 338 309 279 249 219 220 221 191 161 162 133 103 73 104 135 136 106 76 107 137 138 109 139 169 199 200 201 231 232 202 203 204 234 233 263 262 261 291 321 351 381 382 412 443 444 
455 486 516 545 544 574 573 603 604 634 633 663 664 665 666 696 695 694 724 723 753 752 782 783 813 814 844 874 875 845 815 785 786 756 757 787 817 818 788 758 728 698 699 729 730 761 731 732 763 793 823 794 824 825 795 765 766 767 797 768 738 769 770 771 741 711 681 651 621 591 561 532 533 504 474 
425 396 365 334 304 303 302 301 271 272 273 274 275 305 276 245 215 216 186 185 184 154 124 94 64 65 35 5 6 7 8 38 68 98 99 129 100 130 101 102 72 73 74 104 105 75 106 107 137 167 168 138 108 139 140 170 200 230 231 201 202 172 142 112 82 83 113 114 115 116 146 176 206 207 237 236 266 296 326 325 324 323 354 384 385 416 446 476 475 474 
425 424 423 453 454 483 513 514 543 544 575 605 604 603 602 632 662 663 693 694 695 696 666 636 606 607 637 667 668 638 608 578 579 549 550 520 521 522 552 583 553 554 555 525 526 527 528 559 589 619 590 620 650 680 710 711 712 713 683 653 652 622 621 591 562 592 563 564 565 535 504 474 
425 456 457 458 459 489 519 549 579 580 610 640 670 671 701 731 762 792 822 823 824 795 796 766 736 737 767 797 827 828 798 768 799 770 800 801 831 832 802 803 804 774 744 745 715 714 684 685 655 654 653 623 593 594 564 563 534 535 506 505 504 503 474 
425 395 394 364 334 333 304 275 305 335 336 366 396 426 457 487 486 517 548 578 549 519 520 550 551 582 552 553 583 614 644 645 615 586 587 618 619 649 650 620 591 621 651 681 682 683 713 714 715 716 717 687 657 656 626 627 597 596 595 564 563 562 561 531 532 533 502 503 504 505 474 
425 454 423 393 394 395 364 335 334 333 303 302 272 273 274 275 276 277 307 308 278 248 218 219 189 190 160 130 100 131 101 71 102 103 104 134 105 106 135 165 166 167 197 198 199 200 201 171 141 142 143 144 145 175 176 177 207 206 205 204 203 202 232 262 263 264 294 293 324 354 355 385 386 415 414 413 444 
455 426 396 367 336 337 338 308 307 306 305 304 334 364 394 424 454 453 484 514 515 546 575 574 605 635 634 664 694 693 692 722 752 753 754 755 756 786 787 757 727 728 729 759 760 791 821 822 793 794 795 765 735 736 767 768 798 828 799 769 739 738 708 709 710 740 771 772 802 832 862 863 893 894 895 865 835 836 806 807 777 747 746 745 744 743 742 712 682 683 684 654 653 652 651 621 620 590 560 531 502 473 474 
425 365 366 335 306 307 338 368 398 428 427 426 456 487 517 547 578 608 638 668 667 697 696 726 756 755 754 784 785 815 814 813 843 844 874 875 876 877 878 848 818 788 789 759 729 760 790 761 731 701 702 732 762 763 733 734 735 765 795 825 826 797 767 737 768 798 799 800 770 740 710 680 681 651 652 653 654 655 625 624 594 593 562 532 502 472 473 474 
455 484 483 482 512 511 541 540 570 571 601 602 603 633 634 635 665 664 663 662 692 722 723 724 754 753 783 784 814 815 785 755 725 726 727 697 667 637 638 668 669 639 640 641 642 643 613 583 554 585 615 616 617 588 558 559 560 591 592 623 624 595 594 565 536 537 507 506 476 446 445 444 
455 454 424 394 363 334 335 365 336 305 306 277 276 275 246 245 244 243 242 212 213 183 153 152 122 121 91 92 93 63 33 34 4 5 35 65 95 125 126 96 66 67 97 127 128 98 68 38 39 69 99 100 101 131 132 162 161 191 192 193 163 133 134 164 165 195 196 197 167 137 107 108 78 109 140 110 141 111 112 113 83 53 23 24 25 26 56 86 116 117 118 148 147 146 145 144 174 204 205 235 236 237 267 297 296 295 294 324 323 353 382 381 380 379 409 410 411 412 442 413 443 444 
455 424 453 483 484 515 516 546 545 576 607 577 578 548 518 488 458 428 429 399 369 339 338 337 307 276 275 245 246 215 185 155 154 153 123 93 94 95 96 126 127 157 187 217 247 277 278 279 280 281 311 312 283 284 315 346 347 317 288 318 348 349 319 290 291 292 262 293 294 295 325 354 383 382 381 411 410 440 441 442 443 474 
455 485 515 514 513 483 453 452 422 392 362 363 332 333 334 303 274 245 216 246 276 306 336 366 367 397 398 399 400 370 340 371 341 311 281 312 342 313 343 314 344 374 345 375 376 347 377 348 379 380 350 351 352 353 324 295 296 297 327 328 329 359 358 357 356 355 386 416 445 444 
455 515 514 544 543 542 541 571 572 573 574 575 576 577 608 638 639 609 610 580 551 522 552 523 553 584 614 585 616 586 556 526 557 587 588 558 589 590 591 561 592 622 652 682 712 742 772 773 774 804 805 775 745 746 716 686 685 684 683 654 625 595 594 563 564 533 532 531 501 502 503 473 444 
455 456 485 486 487 488 519 550 580 610 581 611 582 612 613 584 615 585 555 526 556 586 616 646 647 648 649 619 620 621 592 622 652 682 712 713 714 715 685 684 683 653 624 654 655 656 657 627 626 596 566 535 534 533 532 531 530 500 470 471 472 443 444 
425 426 395 366 337 306 275 244 243 213 214 184 183 182 152 153 154 155 125 95 94 93 92 62 63 64 34 35 36 37 67 68 98 128 99 130 160 190 220 250 280 310 281 251 221 222 192 162 163 164 194 195 165 136 106 137 108 138 139 169 140 141 112 142 172 202 203 233 264 263 294 325 326 356 385 384 413 414 415 444 
425 394 393 423 422 452 482 512 513 543 573 604 605 575 606 636 666 696 697 727 757 758 728 759 789 790 791 792 763 794 765 796 766 797 798 768 769 800 830 860 861 862 892 893 894 864 834 833 803 802 772 742 743 713 712 711 681 682 652 622 623 624 593 563 564 595 596 597 567 537 536 506 475 474 
455 486 515 545 575 604 634 633 663 664 665 695 725 755 785 784 783 813 814 844 845 846 816 786 756 726 696 666 667 637 607 608 609 639 669 699 729 759 790 820 791 821 792 793 764 765 795 766 736 706 707 708 709 739 770 771 801 802 803 833 863 864 894 895 896 866 836 835 805 804 774 773 743 744 714 713 684 685 686 656 655 654 624 623 622 593 592 562 563 532 503 474 
425 396 366 336 307 278 277 308 309 339 369 340 370 371 342 372 373 374 344 375 346 316 286 287 257 258 288 318 349 319 289 259 260 290 321 351 350 381 412 413 444 
455 395 365 364 363 362 361 331 301 302 303 304 305 274 273 272 242 243 214 213 212 182 183 184 185 186 187 217 218 248 247 246 276 306 337 367 338 369 399 398 397 427 428 458 488 518 548 579 610 611 581 612 582 613 643 644 614 615 645 646 616 586 556 587 557 527 558 588 618 589 559 529 530 531 562 533 503 504 505 475 474 
425 424 395 396 397 366 335 304 274 273 244 215 184 154 153 152 151 121 122 123 124 125 126 156 157 187 188 218 217 216 246 276 306 336 367 337 308 279 309 280 311 341 342 312 313 343 374 344 314 285 255 256 257 287 318 319 349 320 321 322 293 263 233 234 264 295 324 353 384 414 444 
425 456 486 485 484 513 512 542 543 544 573 603 604 635 636 606 577 607 637 667 697 698 728 758 789 760 761 792 762 732 702 703 733 763 734 764 795 765 766 796 797 767 798 769 799 829 800 771 801 831 861 891 892 893 863 864 834 804 805 806 776 746 747 717 716 715 714 685 655 654 653 652 623 592 593 624 625 626 595 566 536 535 505 504 474 
425 395 426 427 457 488 487 518 517 546 576 606 605 636 637 607 578 608 579 549 580 611 641 671 672 702 732 762 793 763 764 734 733 703 704 705 706 736 766 796 767 797 827 798 828 829 830 801 772 802 832 833 834 835 836 806 807 808 809 779 778 777 776 775 774 744 745 715 714 713 683 682 681 680 650 651 621 622 592 561 560 530 529 499 500 501 471 472 503 473 474 
425 454 485 516 486 456 426 397 367 368 338 307 306 276 246 216 217 187 157 127 126 96 97 98 128 158 129 99 69 70 101 131 102 133 163 193 194 164 135 105 136 166 137 107 138 168 198 199 229 230 260 290 320 351 322 352 382 413 443 474 
425 485 514 545 546 516 547 577 576 575 574 573 572 542 512 482 452 453 423 424 393 363 333 334 305 304 273 274 243 244 245 214 185 155 156 127 157 158 159 189 219 249 279 309 338 368 369 370 341 312 342 373 343 313 314 315 345 316 346 377 347 378 408 409 410 380 381 352 383 412 411 441 442 473 444 
455 426 427 397 396 395 394 365 335 336 306 305 276 247 217 216 186 156 126 125 124 94 64 65 66 36 6 7 37 38 68 67 97 127 157 128 158 188 189 219 220 221 251 252 282 312 343 373 344 315 286 317 287 288 319 320 291 321 292 293 323 322 351 382 383 384 444 
425 365 394 423 453 454 484 483 513 544 545 574 575 605 606 607 636 635 664 663 693 723 724 725 755 754 784 785 786 816 846 847 817 787 788 758 759 729 699 669 670 640 610 580 581 551 521 552 582 553 523 554 584 555 586 617 618 588 619 589 559 590 621 651 622 653 683 684 655 624 623 593 564 563 533 534 503 474 
455 484 514 515 544 543 513 542 572 602 632 662 692 693 694 695 665 666 636 606 576 546 517 518 548 549 519 489 488 487 457 427 398 368 339 310 340 341 311 342 312 282 313 344 374 375 345 376 346 316 347 318 348 319 350 321 291 261 231 232 263 234 235 265 295 296 326 325 356 355 354 385 414 415 445 474 
455 454 423 394 364 333 332 303 273 243 274 275 305 335 366 396 427 426 457 486 516 545 544 574 605 634 665 664 694 724 723 722 752 753 754 755 785 815 845 875 876 877 847 848 818 819 849 850 820 790 760 730 700 701 731 732 733 764 794 824 825 796 826 827 797 767 738 739 709 679 680 710 711 712 683 682 653 684 654 685 715 716 717 687 657 656 625 596 597 598 568 538 537 567 566 565 564 534 504 505 474 
455 424 423 422 393 362 333 303 334 304 335 305 275 274 244 214 215 245 276 307 277 247 248 218 188 158 128 98 129 159 130 131 101 71 72 103 134 135 106 136 107 77 108 109 110 111 81 51 52 53 54 55 85 86 87 117 147 177 176 175 205 206 236 266 265 294 323 352 353 383 413 414 415 444 
455 485 486 517 547 576 606 635 634 664 695 696 726 756 786 816 817 818 848 849 819 790 760 730 700 670 671 641 611 612 583 584 585 556 527 557 558 528 529 559 589 560 561 591 622 652 682 683 713 714 744 774 775 776 777 778 748 747 746 716 686 685 654 623 594 595 596 565 534 474 
455 515 485 456 427 396 365 334 333 302 273 304 275 276 277 307 337 338 339 308 278 248 249 219 189 159 160 190 191 161 131 101 132 103 133 104 134 165 135 136 137 138 109 79 110 80 50 51 21 22 23 53 83 113 143 144 114 115 145 146 147 148 178 177 176 206 205 204 234 265 266 267 296 295 326 327 357 358 388 387 417 416 415 414 445 444 
455 456 457 458 459 489 519 549 548 578 609 579 550 521 551 552 522 553 524 555 585 586 557 588 558 529 559 589 620 590 561 562 593 594 564 535 536 505 475 474 
455 457 487 516 515 514 484 453 424 394 395 364 393 392 363 334 303 302 332 331 330 300 301 271 272 243 242 212 213 214 215 245 275 246 247 278 309 308 338 337 368 398 369 339 370 400 401 371 372 343 344 314 345 315 285 286 256 257 288 258 259 289 290 260 261 292 323 293 322 353 354 325 326 355 384 415 445 474 
425 366 365 395 424 454 483 514 543 572 603 633 664 665 635 605 576 547 518 549 579 609 580 550 581 582 583 553 554 524 525 556 557 528 559 530 560 590 620 650 680 681 711 741 742 772 773 774 804 834 864 865 866 836 837 807 777 778 779 749 748 747 717 716 685 686 655 626 627 628 598 597 596 595 565 535 534 505 504 475 444 
455 453 482 483 484 515 546 577 547 548 519 549 520 551 581 552 583 554 555 556 526 527 528 558 588 589 559 529 560 591 562 561 532 501 472 442 412 443 473 474 
425 426 396 367 366 397 398 399 429 428 427 458 457 456 487 518 488 489 490 520 521 522 523 524 554 525 526 556 586 587 617 588 559 589 619 649 650 620 591 621 592 563 594 624 655 656 626 596 595 564 565 536 537 506 505 476 475 474 
425 394 363 362 332 333 304 305 336 337 306 277 246 217 187 157 127 98 128 159 189 190 160 161 132 133 103 73 104 74 75 76 77 78 79 49 50 80 110 140 170 171 201 231 261 291 322 321 352 323 324 325 355 356 386 385 415 416 446 445 444 
455 486 487 517 548 578 549 550 520 490 489 459 429 399 369 339 340 310 311 282 252 253 283 313 284 254 255 285 316 317 318 289 320 350 380 351 322 323 354 383 414 443 444 
455 516 546 547 578 608 638 637 636 635 666 667 668 698 699 700 730 731 701 671 672 673 674 704 734 765 736 766 737 707 708 678 679 680 650 621 652 653 654 655 625 624 594 563 562 531 532 533 504 474 
425 423 393 364 365 336 305 274 273 272 271 241 242 213 183 153 154 124 123 93 63 33 3 4 5 35 65 95 125 155 185 156 186 216 187 217 247 277 248 279 249 250 220 190 160 131 101 102 132 163 134 104 105 135 166 167 138 169 170 141 171 172 143 173 203 234 233 263 264 265 235 266 295 325 324 323 353 352 381 382 412 411 442 472 473 444 
425 427 457 428 398 397 368 337 307 308 277 276 245 215 216 185 184 183 154 155 125 95 65 35 34 4 5 6 36 37 7 8 9 39 69 100 70 71 101 131 161 162 192 222 252 282 283 314 344 345 346 317 348 378 349 350 320 290 291 262 292 263 293 324 354 384 385 416 417 447 446 475 445 474 
455 514 513 512 543 544 575 546 516 517 487 458 428 397 366 367 338 308 339 309 279 278 249 280 250 251 281 311 341 372 342 343 314 284 285 315 316 287 257 258 289 319 349 379 350 351 381 380 411 412 442 413 444 
455 396 395 366 337 336 335 334 363 332 302 272 273 274 305 306 307 338 309 278 247 217 186 155 126 127 128 129 130 101 71 102 72 73 74 104 75 106 76 107 137 168 169 139 170 140 111 141 142 112 82 52 22 23 24 54 84 85 115 116 146 176 175 174 205 206 207 237 267 266 265 296 295 294 324 355 356 357 387 386 415 446 476 475 444 
425 364 334 335 306 275 245 244 213 214 215 185 184 155 154 153 123 122 92 62 63 64 34 35 36 6 7 8 38 68 69 39 40 70 100 130 161 191 192 163 193 223 224 225 255 256 287 318 288 289 319 349 380 410 381 352 322 292 262 232 233 204 235 264 294 295 266 296 327 356 387 416 445 444 
425 396 366 336 306 305 304 303 333 363 393 423 454 453 484 485 515 516 547 517 488 518 519 520 550 551 582 552 553 583 613 614 644 674 675 705 735 766 767 797 768 739 740 741 772 802 773 803 804 834 864 894 895 865 835 805 775 776 777 747 746 745 744 743 742 712 682 652 683 714 684 653 623 654 624 595 596 566 535 504 473 443 474 
455 395 365 366 335 304 274 245 246 277 278 308 309 340 310 280 250 220 190 161 131 162 133 103 74 105 76 77 108 139 110 80 81 112 142 113 83 84 114 144 145 175 176 177 207 206 235 236 265 264 295 296 297 298 328 358 357 386 417 416 415 414 444 
425 424 453 483 482 513 543 574 604 603 634 635 636 665 694 693 692 722 723 753 752 751 781 782 812 813 783 784 814 815 816 786 785 755 756 757 787 817 847 877 878 879 849 819 820 821 791 761 732 763 793 823 794 764 735 736 737 738 769 770 801 771 742 741 711 682 681 651 652 622 621 591 561 531 562 532 563 534 535 506 476 446 445 475 474 
425 456 485 484 513 483 512 511 541 540 570 571 572 573 574 545 576 546 516 486 457 427 397 367 336 307 276 275 244 243 213 184 185 154 125 124 94 95 65 66 67 68 98 99 129 100 71 101 131 132 102 103 133 164 165 166 136 167 168 139 140 171 142 143 113 114 84 54 24 25 55 56 57 87 117 118 119 149 148 147 146 145 144 174 173 172 203 204 233 232 262 263 292 321 351 380 379 409 410 440 470 471 472 502 473 474 
425 486 515 544 573 572 571 601 631 632 633 634 663 694 724 723 722 752 782 783 813 843 873 874 875 876 846 816 786 787 757 727 728 698 668 669 699 730 760 791 762 792 822 823 824 795 796 766 736 767 768 799 830 831 832 862 863 893 894 895 896 866 867 837 807 806 776 775 745 714 715 685 656 655 654 625 595 626 597 598 599 569 568 567 537 536 535 564 533 502 472 442 443 444 
425 395 394 393 363 364 335 334 333 332 331 301 300 270 271 272 242 243 214 183 184 215 246 216 217 218 248 278 277 308 337 367 398 428 429 459 458 488 517 546 575 576 607 606 636 635 665 695 725 726 727 758 728 729 730 760 790 820 850 851 821 822 793 824 794 795 826 796 827 828 798 829 859 860 890 891 892 893 894 864 863 833 803 773 772 742 743 714 683 653 622 591 592 593 562 561 530 501 502 503 504 505 474 
425 454 424 395 396 397 368 338 307 278 279 280 250 281 251 221 191 162 132 103 104 134 105 75 76 106 77 107 137 167 197 198 228 229 230 260 261 262 233 204 205 234 264 293 294 325 354 355 385 386 416 446 476 445 474 
425 397 428 458 487 516 515 545 575 604 633 632 663 664 693 723 724 725 695 665 696 697 667 666 636 607 638 639 610 640 611 641 642 643 613 584 554 585 555 525 556 586 616 587 558 559 529 528 498 499 530 560 531 502 501 500 470 440 441 442 472 443 473 444 
425 485 516 545 546 576 577 607 606 637 608 578 579 580 610 640 670 700 730 761 762 792 823 793 794 825 826 797 767 737 768 738 708 739 769 740 770 741 771 802 772 803 833 863 864 834 804 774 773 743 744 715 684 685 655 686 656 627 657 658 628 598 568 569 539 538 537 507 477 476 505 475 445 444 
455 426 456 486 485 514 483 513 542 541 571 570 600 601 602 603 574 604 634 605 636 667 637 638 668 698 729 699 669 639 640 641 611 582 612 642 613 643 644 645 675 676 677 647 648 619 590 591 620 621 622 623 653 683 684 715 686 687 656 657 626 625 594 565 566 567 536 506 475 444 
425 365 364 363 333 334 305 275 306 337 308 279 310 341 371 342 313 283 253 252 222 192 193 163 133 134 104 135 165 195 196 226 256 286 287 317 347 348 349 319 290 321 322 291 292 263 294 265 295 326 327 328 329 359 358 357 356 385 384 413 443 474 
455 484 483 482 512 542 573 572 602 633 604 575 606 577 607 637 666 696 727 757 788 789 759 760 731 762 733 734 735 705 706 707 677 678 648 618 619 620 590 621 651 681 682 713 684 683 654 653 624 623 594 625 656 686 687 657 627 597 566 536 507 506 505 504 475 474 
455 394 365 335 364 333 303 302 301 331 332 362 392 422 452 482 483 514 544 545 574 603 604 605 635 634 633 663 693 694 695 724 754 753 752 751 750 780 781 782 812 842 843 844 874 875 845 815 785 786 756 726 696 666 636 637 607 577 578 608 609 610 581 550 519 489 520 490 491 492 493 523 553 584 583 614 585 615 616 617 647 618 648 678 679 709 710 740 770 800 801 771 772 743 713 712 711 681 652 623 624 593 563 532 503 473 474 
455 454 485 486 516 487 488 519 548 577 576 575 574 573 543 513 483 453 452 422 392 362 361 331 330 300 301 302 303 274 304 273 244 245 216 215 186 185 184 153 124 123 122 121 120 90 91 61 62 32 33 3 4 5 6 36 66 96 97 67 37 38 39 69 99 130 160 190 191 221 222 223 253 254 285 315 346 376 377 378 379 380 350 381 412 413 414 415 444 
425 484 514 545 515 486 456 426 397 427 398 367 368 369 399 400 370 340 311 312 283 284 315 345 375 376 406 407 377 347 317 288 318 349 319 289 259 260 230 231 262 293 264 234 205 236 237 266 297 296 295 324 353 384 414 445 474 
455 487 486 517 518 547 577 576 575 574 573 572 542 512 482 452 453 423 392 393 362 332 303 273 242 243 244 215 214 184 183 182 181 151 121 91 92 93 94 124 125 155 185 186 187 188 218 219 249 279 309 310 340 371 341 342 372 373 374 345 316 346 347 377 407 408 378 348 379 349 320 321 292 322 352 323 324 295 325 326 356 355 354 353 382 411 441 472 503 474 
425 393 394 423 453 452 483 484 515 514 543 573 604 635 605 606 607 577 548 579 610 611 581 612 613 583 584 615 585 616 646 647 617 587 618 588 558 589 590 560 561 592 562 533 503 472 442 473 443 444 
455 483 514 515 546 577 606 605 634 665 666 695 694 725 755 754 784 785 815 816 846 847 877 878 848 818 788 759 729 760 790 821 792 762 763 794 764 734 704 705 735 765 795 825 796 766 797 828 799 770 740 710 741 771 801 831 802 803 773 774 744 743 742 713 714 685 684 654 683 682 653 652 651 621 591 560 530 531 562 563 533 532 502 501 471 442 444 
455 424 393 392 391 361 331 301 271 272 303 304 335 305 276 246 215 214 213 212 182 153 152 122 123 93 94 64 65 95 125 155 185 216 247 218 189 160 130 100 101 72 103 134 164 194 195 225 226 227 228 229 199 200 201 202 232 233 264 263 262 292 293 323 322 351 352 382 413 444 
425 453 454 484 485 515 516 546 547 576 606 635 664 663 662 692 693 724 723 753 754 755 725 756 726 757 727 697 728 759 789 790 761 791 822 792 793 764 794 765 796 797 798 799 769 739 770 771 741 742 773 803 804 805 806 807 808 778 777 776 775 744 714 713 712 711 710 680 650 651 622 593 564 535 505 476 446 475 445 444 
455 485 454 423 394 364 365 334 304 303 332 302 273 243 274 275 306 276 247 216 215 184 154 124 95 96 126 156 155 186 217 188 159 190 220 221 251 252 283 313 343 374 344 314 284 255 286 317 318 319 320 291 261 231 201 172 173 174 175 206 205 235 265 294 323 352 383 384 444 
455 515 544 574 573 602 632 662 663 694 723 722 721 751 781 811 812 813 814 844 845 846 876 877 847 817 816 786 785 755 725 695 665 636 666 637 668 638 608 578 548 518 488 458 457 426 427 396 365 336 367 337 368 339 308 277 247 246 245 214 185 155 156 126 157 158 188 217 248 278 309 280 281 282 253 223 193 194 165 136 106 107 108 78 48 49 79 80 111 142 173 172 202 201 200 230 229 259 290 320 351 321 352 353 354 385 414 443 473 444 
455 456 457 458 489 488 517 548 578 607 636 635 634 664 695 726 756 787 786 757 758 729 759 730 700 701 702 733 763 734 764 765 735 766 796 767 798 827 857 858 828 829 800 830 860 861 862 892 893 863 833 834 835 836 837 807 777 776 746 745 715 714 684 655 624 625 626 595 596 597 567 566 565 564 534 533 474 
455 457 488 489 518 547 546 545 514 484 453 422 393 364 334 303 333 304 275 274 244 214 245 215 216 246 276 307 337 338 339 369 399 370 371 341 311 281 312 313 342 373 344 375 345 376 347 378 408 379 350 380 381 382 383 413 442 472 474 
425 366 365 396 427 428 399 369 340 370 400 401 402 403 373 343 313 314 285 286 256 257 287 288 319 350 320 289 290 261 232 203 233 234 265 236 266 267 268 298 328 327 326 355 386 387 417 447 446 476 475 444 
455 453 482 481 511 541 542 572 603 632 633 664 635 606 576 547 518 489 459 458 427 426 395 364 335 336 337 306 277 246 247 217 216 186 156 126 96 66 36 37 67 97 128 98 68 99 70 100 131 102 73 43 44 74 75 105 106 137 107 78 109 139 169 140 110 141 111 112 143 174 173 204 203 202 233 262 261 292 323 293 322 353 383 412 443 474 
425 426 457 487 517 547 548 549 578 577 608 637 667 696 726 755 786 816 817 788 818 789 760 759 790 791 792 763 764 795 766 736 706 676 646 617 587 588 618 589 560 590 561 532 533 534 503 504 474 
455 423 424 454 483 512 513 544 575 605 576 607 608 638 637 636 635 666 697 727 757 787 817 847 848 878 879 880 850 820 791 821 851 852 822 792 762 732 702 703 673 643 614 615 585 555 526 496 497 527 558 588 619 650 680 710 740 711 712 713 682 683 652 622 592 623 593 594 595 566 596 565 534 504 444 
455 427 456 487 518 548 547 578 609 639 669 670 671 701 732 762 793 763 733 703 704 674 644 615 586 556 587 557 527 497 498 528 529 530 561 591 621 620 651 682 712 743 774 745 716 717 687 686 657 656 625 596 595 565 535 534 474 
425 394 395 366 397 398 368 337 307 306 305 304 333 363 393 422 423 452 453 484 513 512 543 572 573 603 634 635 636 665 664 694 693 692 691 721 751 752 753 723 754 724 755 725 695 666 667 697 698 668 638 608 579 549 580 551 522 552 523 554 524 494 525 495 496 526 557 558 588 617 647 677 707 738 739 769 799 800 831 801 802 832 833 803 774 743 744 745 746 747 748 718 717 686 685 654 623 592 561 562 531 501 500 471 472 473 474 
455 486 487 516 515 484 454 424 423 393 363 362 331 330 300 301 302 272 243 242 241 211 212 183 153 154 123 94 93 63 33 34 4 5 35 36 66 67 98 127 158 128 99 100 70 40 41 71 72 102 133 132 162 163 164 135 105 136 166 196 197 168 138 139 109 80 110 81 82 83 113 143 144 175 176 206 207 237 238 268 267 297 296 325 355 384 415 445 475 474 
455 516 517 546 575 574 603 573 543 513 483 452 423 422 392 363 332 301 272 273 304 305 274 243 212 211 181 182 152 151 121 122 92 91 90 60 61 62 63 34 35 65 95 125 96 127 157 187 218 248 249 279 250 251 282 313 284 314 315 286 316 346 377 348 319 349 350 321 291 322 323 353 352 351 382 381 411 410 409 439 440 470 500 501 532 563 564 565 566 537 536 505 506 476 477 447 446 445 474 
425 457 486 515 545 544 513 482 453 424 394 363 334 333 302 301 300 270 271 242 212 213 183 154 155 124 94 65 66 96 95 126 125 156 187 217 247 277 307 308 338 369 370 341 312 343 313 344 374 404 405 375 346 316 347 318 348 378 409 380 410 411 442 472 502 533 563 534 505 506 507 476 445 444 
425 423 422 453 483 513 514 544 543 542 571 601 602 603 633 662 663 664 665 695 696 725 726 697 667 668 637 607 578 548 519 550 580 581 551 521 552 582 553 523 524 554 584 555 586 617 618 588 558 528 559 560 529 500 499 469 470 471 441 412 383 354 325 296 326 357 358 388 387 386 385 415 414 444 
425 427 458 459 429 430 400 370 340 309 308 278 248 218 188 158 129 160 130 99 69 70 71 41 42 43 73 103 133 163 134 135 164 195 166 196 167 138 108 79 110 111 82 113 144 173 174 204 203 202 201 232 263 292 322 293 324 323 354 383 414 474 
455 514 513 543 512 541 542 573 574 605 635 665 696 667 638 609 579 550 521 551 581 611 641 612 642 672 702 732 733 764 794 824 825 795 765 766 735 705 675 645 646 676 677 647 617 588 558 529 559 590 620 650 649 679 680 651 681 711 742 772 802 833 863 893 894 895 896 897 867 837 838 808 809 779 778 748 747 746 715 716 686 687 688 658 628 627 626 625 624 594 593 592 563 562 561 531 530 500 501 472 442 413 443 444 
455 396 367 338 308 307 277 276 245 275 246 217 216 185 156 157 127 97 67 37 7 8 9 10 40 70 101 132 133 104 134 165 135 106 136 107 138 168 198 169 199 170 200 171 141 172 142 112 113 83 53 23 24 25 26 56 86 116 117 147 177 146 145 174 175 205 206 236 235 234 263 264 265 266 295 294 324 325 356 386 387 388 418 417 446 447 477 476 505 474 
425 364 363 392 362 361 332 331 302 271 241 242 213 182 183 152 122 121 120 90 91 92 93 123 124 154 185 215 245 276 277 248 247 278 307 338 368 399 429 459 460 490 520 551 552 522 553 524 554 584 585 556 527 528 558 588 589 620 591 622 653 683 714 745 746 747 716 685 686 655 626 627 596 567 568 538 537 506 507 477 476 446 444 
425 396 395 365 366 367 336 305 306 307 276 275 245 244 213 214 215 246 277 278 308 339 368 398 399 400 371 372 343 344 315 285 316 317 348 318 289 260 230 231 202 203 204 234 235 266 265 296 325 324 354 353 352 381 410 441 471 502 473 444 
455 395 426 396 366 337 336 306 275 244 245 246 215 185 184 155 125 126 156 186 157 188 218 247 248 279 309 339 310 281 252 253 284 283 254 224 194 164 135 136 137 108 109 140 141 112 83 84 54 24 25 26 27 57 87 117 116 115 145 146 147 148 149 179 178 177 207 236 267 296 327 297 326 325 354 384 383 444 
425 424 395 394 393 364 333 362 392 423 454 485 516 547 546 545 576 605 604 633 634 663 662 693 723 724 754 785 756 727 697 668 667 636 607 638 669 639 609 640 610 580 550 581 582 613 583 553 554 523 493 494 524 555 585 586 615 645 616 587 557 588 559 589 618 648 649 650 681 712 682 652 653 622 591 562 593 624 655 625 594 564 533 504 473 443 474 
425 456 427 457 428 398 369 339 309 308 307 306 305 304 303 272 302 332 362 392 422 452 482 512 511 542 543 574 575 576 605 604 634 633 632 631 661 691 721 751 752 782 783 784 814 815 845 875 876 846 816 787 758 789 819 849 850 820 790 760 730 701 702 672 673 703 734 765 736 766 737 707 708 709 740 741 772 773 744 713 714 715 684 653 654 655 656 626 596 627 628 629 599 569 568 537 566 535 504 475 444 
425 486 485 484 483 482 513 544 573 542 541 540 570 571 602 601 631 632 633 604 575 546 517 487 458 429 399 369 339 340 309 279 248 217 186 155 154 153 123 124 93 92 62 63 64 34 5 35 65 96 97 98 128 158 189 219 220 250 280 311 342 312 282 283 314 345 374 375 405 406 376 346 316 286 257 288 258 228 198 199 229 230 260 291 321 351 381 382 412 441 442 443 444 
425 395 396 397 366 336 335 306 305 304 274 245 244 243 213 184 185 215 186 216 217 218 249 279 308 309 340 341 371 401 400 430 429 428 459 489 519 549 578 577 606 637 666 695 725 754 753 783 813 843 873 874 875 845 815 786 817 787 788 819 789 820 790 760 761 731 732 763 793 823 853 854 824 795 765 734 704 735 736 766 767 797 827 798 768 769 800 771 802 772 741 712 711 682 681 651 652 621 592 623 654 624 595 594 565 536 537 538 508 507 506 475 474 
425 454 453 423 392 361 360 330 331 332 302 303 274 305 336 307 277 247 216 215 214 183 184 153 124 123 122 93 64 35 5 6 7 37 36 66 97 127 157 128 98 129 159 130 131 161 132 102 72 42 73 104 134 163 194 164 165 135 166 137 138 109 110 80 50 20 21 22 23 24 54 55 85 86 87 88 118 148 178 177 176 205 175 174 203 234 233 263 293 264 294 295 324 355 385 416 445 475 444 
425 397 367 398 428 458 488 518 549 579 609 580 611 581 552 522 523 493 524 525 555 556 557 528 499 500 531 532 563 594 625 595 626 597 598 567 536 535 506 477 476 474 
425 485 514 545 575 606 576 577 548 517 488 458 428 429 398 367 337 336 335 304 303 272 242 243 214 184 183 182 181 151 122 92 63 93 94 95 96 67 97 126 127 128 129 158 187 188 189 218 219 248 277 308 307 278 279 310 311 341 372 402 373 403 404 375 376 346 317 287 258 259 290 260 261 262 232 202 173 203 174 175 204 235 236 237 267 266 296 297 327 357 386 415 446 447 476 505 475 445 474 
455 426 397 368 338 309 339 370 369 398 429 430 460 459 488 519 548 577 606 636 667 698 699 669 700 731 701 671 641 611 612 583 554 584 614 645 615 646 616 586 557 587 617 647 648 618 649 620 590 560 591 561 530 529 499 498 468 469 439 409 410 380 411 412 442 472 443 473 474 
455 517 516 545 546 576 605 636 666 665 694 724 753 784 755 756 757 728 698 667 637 608 639 609 579 578 549 520 521 551 582 583 613 644 614 584 554 525 526 527 557 587 558 559 530 561 592 593 562 532 501 502 471 441 472 503 473 444 
425 365 335 336 367 368 337 308 307 306 276 246 216 187 158 159 160 161 131 101 102 132 163 193 164 134 104 74 44 45 46 47 48 78 79 49 50 51 52 53 54 24 25 55 56 86 85 115 114 144 145 176 177 178 208 207 206 235 264 295 296 267 268 298 299 329 359 389 388 387 416 415 444 
425 367 366 335 334 305 275 274 273 244 215 214 213 212 182 153 122 152 123 154 125 155 126 97 98 69 99 128 157 186 216 247 248 278 249 250 280 310 340 311 282 252 283 253 284 254 255 256 287 257 258 288 259 260 291 262 232 202 173 144 114 115 116 146 176 207 208 238 237 236 265 264 293 294 325 324 353 354 355 386 417 416 447 446 475 474 
455 484 514 543 542 572 571 570 600 601 632 663 664 693 722 753 783 814 784 754 724 725 696 697 666 636 606 577 607 637 638 608 578 579 548 549 519 490 521 491 522 552 582 612 643 673 674 704 734 705 736 766 796 826 827 797 768 739 709 679 649 620 590 591 560 531 502 472 442 473 443 474 
455 394 365 364 393 362 332 303 304 273 242 241 212 183 184 154 124 155 185 186 217 248 219 249 280 251 281 311 312 342 343 373 403 374 344 345 315 316 285 255 225 226 256 286 287 318 288 289 320 350 379 410 440 441 412 413 414 445 444 
455 454 484 485 486 457 458 487 488 518 547 577 606 607 636 637 667 666 696 725 724 754 784 815 785 786 787 818 819 790 820 821 791 761 792 822 852 853 824 794 764 735 706 737 738 769 799 829 830 801 832 862 863 894 864 865 866 836 806 805 775 746 716 715 685 656 627 597 596 595 564 563 532 502 503 474 
425 484 485 456 486 457 427 428 397 366 335 305 304 333 303 273 274 275 276 247 246 245 216 186 157 127 97 68 69 99 129 130 161 162 133 103 73 74 104 75 106 76 46 77 78 108 139 168 169 170 171 201 231 232 262 263 294 265 266 297 298 299 329 328 358 387 356 385 386 416 446 447 477 476 475 474 
425 363 333 334 303 272 271 270 240 241 242 273 243 244 275 276 277 246 247 216 215 184 183 153 152 123 93 124 125 95 65 35 6 37 67 96 126 97 127 98 99 69 100 129 159 189 220 250 221 192 193 223 224 225 255 285 256 226 227 197 198 168 139 170 171 202 172 143 114 145 175 174 205 204 203 232 231 261 291 292 321 322 352 323 294 265 295 326 297 327 356 385 444 
455 487 486 516 515 546 577 578 608 579 549 550 520 521 522 552 583 584 614 644 674 675 705 735 765 795 796 825 855 856 857 827 828 858 859 889 890 891 892 893 894 895 865 835 805 804 775 774 773 742 712 683 682 651 650 620 590 560 530 501 500 470 440 471 442 444 
425 335 306 337 367 397 428 457 456 485 484 515 514 513 542 541 572 602 633 663 692 722 752 751 750 780 810 811 812 842 843 873 874 875 876 846 847 817 786 755 726 727 698 668 639 609 579 548 518 519 489 490 491 492 523 553 583 614 584 554 555 524 494 495 525 556 526 496 527 497 528 498 499 529 559 589 619 649 679 709 739 710 740 771 742 772 801 831 861 891 892 893 894 864 865 835 834 804 774 775 776 745 744 743 714 713 683 653 624 593 592 562 533 534 535 474 
455 397 427 398 368 338 308 279 249 248 217 187 157 127 97 67 37 7 8 9 10 11 41 72 103 74 105 76 107 77 108 138 169 139 109 79 80 110 140 111 81 51 21 22 23 24 25 26 56 57 87 117 147 146 177 206 237 267 297 328 357 387 386 355 354 385 384 413 444 
455 393 394 424 453 452 483 514 515 486 517 518 549 548 579 608 637 668 699 730 731 761 791 762 792 822 823 793 763 733 704 734 764 794 795 824 854 855 825 826 856 857 827 797 767 738 709 739 740 770 801 772 803 834 805 774 775 745 714 683 654 625 656 657 658 627 598 568 567 537 507 506 505 504 474 
425 393 392 391 362 333 332 331 300 330 301 271 272 303 334 304 274 244 275 246 276 307 337 368 398 369 399 429 428 457 488 517 547 576 575 604 635 664 663 693 694 695 724 725 755 785 814 844 845 846 876 877 847 817 818 848 849 879 880 881 851 822 852 823 794 825 796 827 857 828 858 859 860 831 861 862 832 803 773 772 771 741 711 681 652 623 624 655 686 687 657 658 628 597 596 566 536 506 507 477 446 445 475 444 
425 483 512 542 543 573 604 605 634 665 666 667 698 668 669 640 610 580 549 519 520 490 460 430 400 370 340 310 279 248 217 188 187 158 128 97 68 38 8 9 39 40 71 102 103 133 164 194 224 254 284 285 255 286 317 347 348 377 378 349 380 351 352 382 353 384 414 443 473 474 
455 513 514 485 456 426 395 335 334 304 333 362 331 301 302 272 241 242 273 274 305 276 245 214 183 184 185 154 123 92 91 61 62 32 33 34 64 94 125 126 157 158 159 188 217 247 218 248 249 219 250 220 191 192 163 133 103 72 73 43 74 44 75 76 77 47 48 79 109 139 110 140 170 201 202 173 144 174 175 204 233 232 231 262 293 292 321 350 381 352 353 382 413 384 444 
455 483 482 452 422 423 424 393 394 364 365 366 336 305 275 274 243 242 213 214 184 155 156 127 96 66 36 67 68 38 8 9 39 70 100 130 101 131 161 192 162 132 103 104 105 75 45 76 46 47 78 48 49 50 51 52 22 23 24 54 84 85 86 116 115 144 143 173 202 201 200 230 261 291 321 350 351 380 381 412 444 
455 365 396 426 456 516 546 545 574 575 605 606 635 634 664 663 694 725 754 755 756 726 696 727 728 729 730 761 732 703 673 704 735 765 796 826 827 797 828 798 769 800 830 831 862 863 864 865 895 896 866 836 806 775 774 773 772 742 741 711 710 681 680 650 621 622 653 623 594 563 564 535 536 507 506 476 474 
455 545 516 487 457 427 397 396 365 334 363 333 302 303 304 275 245 215 186 187 188 189 190 160 131 162 192 222 253 254 225 255 285 315 346 316 287 317 347 377 407 378 349 319 290 321 292 293 323 324 355 385 414 474 
425 515 516 487 457 426 427 396 367 337 338 339 309 279 249 218 188 158 189 160 131 132 162 133 134 104 135 165 196 166 197 227 228 258 289 320 351 322 353 382 411 441 471 501 532 503 473 443 444 
425 487 517 548 578 607 606 636 635 666 695 726 756 787 757 727 758 759 728 697 698 669 638 639 610 640 641 642 643 644 645 675 646 616 586 587 618 619 620 621 652 683 713 744 774 805 806 776 777 747 717 716 687 688 657 627 596 597 566 595 594 563 533 503 504 474 
455 424 364 393 423 453 454 514 544 543 512 541 571 572 601 602 573 603 574 604 605 606 637 666 665 694 723 753 752 782 812 813 814 785 816 786 756 757 788 758 728 699 700 670 640 611 642 612 582 552 583 613 614 584 554 585 615 586 616 647 677 678 648 619 590 621 650 651 681 682 713 683 684 685 655 654 653 623 622 593 592 591 562 531 501 471 441 411 382 353 324 295 325 326 297 298 327 357 356 387 388 417 447 446 415 445 474 
425 336 335 364 393 423 452 483 484 544 545 576 547 577 608 609 579 580 610 641 671 672 642 613 584 615 645 646 616 617 648 678 679 710 711 742 743 712 713 744 715 686 656 625 626 657 628 629 599 598 597 567 566 595 564 565 535 505 475 445 444 
425 334 363 362 332 331 361 330 301 272 243 213 214 185 155 186 156 127 158 188 219 190 220 251 281 311 340 369 368 399 428 429 458 489 519 549 578 607 608 637 636 665 664 694 695 696 726 756 786 816 817 787 788 818 848 878 879 849 820 790 760 729 700 731 761 762 792 821 822 823 824 854 825 795 826 856 857 887 888 889 890 891 892 893 863 833 804 773 743 713 684 654 653 652 621 591 592 622 623 593 563 594 595 596 567 568 569 539 538 507 476 446 444 
425 453 422 421 391 361 331 302 273 303 334 335 366 396 426 457 486 546 547 576 605 604 633 632 662 692 722 721 720 750 780 781 782 813 814 845 875 876 846 817 787 758 788 789 819 820 850 821 851 852 822 793 824 794 764 734 735 765 795 825 796 766 797 827 828 858 829 859 830 800 770 741 771 801 832 803 833 864 894 895 865 866 867 836 805 776 775 774 744 743 742 713 712 683 684 655 624 625 594 593 564 534 533 502 474 
455 544 574 575 576 577 607 578 608 639 640 610 580 549 518 519 488 459 430 429 400 370 340 309 310 280 250 281 282 252 222 223 254 285 315 345 346 376 407 377 347 317 288 259 229 200 170 141 142 172 173 174 175 176 205 234 235 265 294 323 352 383 413 442 472 474 
455 366 337 306 277 247 278 309 280 249 219 190 161 191 221 252 222 193 164 134 105 106 77 107 137 168 169 200 231 230 260 290 320 349 379 409 408 438 439 469 470 441 471 472 474 
425 514 485 545 544 513 512 482 511 540 541 571 572 602 632 633 664 695 724 723 752 753 783 813 844 814 784 754 725 756 726 696 666 637 607 577 548 579 609 639 670 640 610 581 550 519 488 459 428 399 370 340 371 401 372 342 313 343 314 283 284 315 345 375 405 376 377 347 317 286 256 226 196 166 167 168 169 199 200 170 141 171 142 172 203 204 205 235 234 264 293 322 351 352 383 384 413 443 474 
455 485 515 514 545 574 605 575 606 576 607 637 666 696 695 725 724 753 754 784 813 812 842 843 844 874 875 845 815 816 846 847 877 878 848 818 788 759 760 791 822 793 794 795 766 796 825 855 856 827 798 829 830 800 801 771 772 743 713 744 714 685 684 683 652 651 650 620 590 559 529 499 530 531 532 501 470 440 410 381 351 321 290 291 260 231 201 171 142 172 202 203 173 204 205 236 266 296 267 298 328 327 326 325 356 386 415 446 476 445 444 
455 546 545 516 486 456 427 397 396 426 395 364 365 336 307 338 369 400 371 401 372 373 374 345 316 286 255 225 256 227 198 199 229 260 231 232 233 264 235 206 207 208 237 238 267 296 326 327 328 329 359 389 388 387 417 446 415 414 444 
455 515 544 575 546 517 488 489 490 521 522 552 553 584 613 614 585 616 586 556 557 587 588 618 619 589 559 528 529 530 531 532 533 502 471 441 412 442 444 
425 516 517 546 576 605 604 635 636 667 666 637 608 638 609 610 640 671 641 612 613 584 554 524 495 526 557 527 498 468 469 439 409 379 380 351 322 292 323 294 295 266 267 297 326 357 388 387 356 386 385 416 415 446 447 476 505 474 
455 488 487 518 519 550 551 581 611 582 613 643 644 614 584 554 555 526 556 586 587 557 528 558 589 559 560 590 619 649 680 681 682 652 651 622 593 594 625 596 627 628 598 597 566 565 564 563 533 474 
455 456 485 516 547 576 606 577 608 578 579 609 639 669 640 610 611 581 550 551 521 491 490 460 430 431 401 371 341 311 280 281 251 282 312 283 313 343 374 375 346 347 376 406 377 407 378 379 409 439 440 441 472 442 443 473 444 
455 458 459 490 520 550 579 578 577 576 575 544 514 484 454 423 394 395 426 366 367 338 309 310 279 249 220 250 281 312 313 283 254 224 194 195 165 166 136 167 168 138 108 78 109 79 110 141 170 200 201 172 142 111 81 52 22 23 53 83 114 115 86 87 116 145 146 175 174 173 203 202 232 261 260 290 320 321 352 323 354 384 414 444 
455 364 334 305 274 243 212 211 182 152 151 150 120 121 122 92 93 124 95 66 96 97 128 159 130 160 191 162 193 194 224 255 286 256 226 196 167 137 168 198 228 229 259 289 319 349 379 410 411 382 383 412 441 442 472 443 473 444 
455 457 487 488 489 520 551 581 610 640 670 700 730 731 762 792 823 793 764 734 765 735 705 736 737 767 768 738 708 709 680 711 712 743 773 804 805 806 807 808 778 777 747 717 718 688 687 656 655 626 596 565 534 503 474 
425 428 398 399 369 339 370 400 430 431 461 491 521 551 580 609 638 668 698 729 699 670 701 731 762 733 734 704 705 706 707 737 768 799 769 770 740 771 742 712 681 682 653 624 594 564 565 536 535 504 475 445 474 
425 398 367 336 337 307 308 278 247 246 217 187 158 128 98 68 38 39 69 99 129 100 70 101 131 102 72 42 43 74 44 45 46 76 106 107 77 47 17 18 19 20 21 22 23 53 54 55 56 86 116 117 146 175 206 237 266 295 325 326 297 298 328 329 359 358 387 416 445 475 444 
425 366 397 398 368 369 340 309 278 248 218 188 159 129 160 161 191 162 192 222 252 223 253 284 255 285 256 287 317 318 349 319 289 259 230 201 171 172 142 112 82 52 53 83 84 114 143 173 174 203 234 263 262 293 294 323 352 381 411 410 409 439 469 470 471 442 473 443 474 
425 422 423 392 363 334 365 396 426 456 486 487 518 548 577 576 605 635 665 664 693 724 755 726 757 758 788 818 848 849 820 790 761 731 702 703 734 764 794 765 735 766 767 737 708 678 649 679 709 710 711 712 713 684 685 686 657 626 595 566 535 506 507 476 477 446 415 444 
455 453 424 423 422 393 364 335 336 367 398 399 368 339 310 341 311 281 282 312 342 313 314 344 346 376 406 407 377 378 348 349 379 350 351 321 290 291 261 231 201 171 172 142 113 143 174 204 205 235 234 264 294 323 353 383 412 413 444 
425 426 397 367 336 306 307 276 247 217 218 249 279 280 310 281 251 221 191 192 162 163 134 104 105 74 44 45 75 106 136 167 168 139 109 110 80 81 112 142 173 203 233 234 263 293 323 294 324 325 326 327 358 387 386 417 416 444 
455 423 454 483 484 485 545 575 604 634 633 632 663 662 693 724 723 722 752 751 781 782 783 784 754 725 696 697 667 637 638 607 577 578 549 520 489 458 427 426 395 365 335 304 273 242 241 211 212 183 152 122 121 92 93 64 65 35 5 36 6 7 37 66 96 67 38 68 98 127 156 157 187 218 247 277 278 309 339 340 341 372 342 373 404 374 344 315 346 375 405 376 347 348 379 409 410 411 412 443 473 474 
455 428 397 396 395 366 365 364 393 422 453 482 511 510 540 570 600 601 631 632 662 693 722 721 751 750 780 781 782 813 784 814 815 816 785 755 726 727 757 728 699 729 760 761 762 763 794 764 795 826 797 768 798 828 799 830 800 770 801 831 832 802 773 774 775 806 836 837 807 776 745 746 717 718 688 658 627 598 597 568 538 508 507 506 474 
455 427 428 398 367 368 369 339 308 278 248 279 280 311 342 372 402 373 404 374 405 376 406 407 408 409 379 349 320 290 291 260 231 201 171 202 172 142 143 113 83 53 54 55 85 115 86 87 117 118 148 147 177 176 205 234 235 206 207 208 238 267 298 327 328 329 359 358 388 418 417 416 447 446 476 445 475 474 
455 452 451 481 511 541 570 600 601 602 603 632 633 663 664 635 606 576 547 548 578 609 640 641 671 702 733 763 734 764 765 766 737 738 708 739 769 740 710 711 741 712 742 773 804 835 805 836 806 807 837 838 808 778 777 776 775 746 715 714 713 683 682 681 651 621 622 592 563 562 533 534 504 473 443 444 
425 337 307 278 308 279 280 309 340 370 400 401 372 402 403 373 344 375 345 346 316 285 255 225 195 165 166 167 137 107 77 78 109 140 171 201 231 230 260 290 320 350 381 410 409 408 438 439 469 499 530 531 502 472 503 473 444 
455 482 452 422 421 391 361 362 333 304 303 274 275 276 246 245 244 213 182 152 151 150 120 90 91 92 62 33 3 4 35 36 7 37 68 99 130 160 189 218 247 277 308 339 370 371 342 372 373 343 314 284 285 255 256 226 257 227 198 169 140 111 142 112 113 84 114 115 116 145 146 175 174 173 202 231 232 261 260 291 292 322 351 380 409 410 411 441 471 502 473 443 474 
425 368 399 398 427 456 457 486 515 546 575 574 573 602 633 632 662 692 723 694 665 636 607 608 638 639 609 579 580 611 582 584 614 644 615 646 647 678 648 619 620 649 680 681 652 623 592 561 530 499 500 470 441 411 382 353 323 294 265 296 325 326 356 355 384 385 444 
425 394 365 366 367 338 339 310 280 311 340 371 401 372 343 374 404 375 346 376 407 378 408 409 380 351 321 320 291 261 231 202 173 144 174 175 205 206 207 236 267 268 298 297 326 355 324 353 383 444 
425 452 451 481 511 540 571 602 603 604 575 546 517 487 456 426 366 337 308 277 248 219 190 191 221 192 162 193 224 194 165 195 196 226 256 257 227 197 168 199 170 141 111 142 171 201 200 230 231 261 260 290 320 350 379 410 441 471 502 533 564 595 626 627 596 566 537 506 475 445 474 
455 547 578 607 606 605 636 635 634 663 664 665 666 697 668 699 729 700 670 641 642 612 583 554 584 614 615 616 646 647 618 649 650 621 652 653 622 623 592 591 560 561 532 502 533 534 474 
455 518 548 577 607 606 636 635 665 694 724 753 752 783 754 785 815 816 787 757 727 728 729 699 668 669 639 609 579 549 580 551 582 552 522 492 493 494 495 526 527 558 588 618 589 590 561 591 592 622 652 682 712 743 774 775 806 776 777 746 745 715 685 684 655 656 626 597 596 595 594 563 564 535 474 
425 513 542 543 574 603 604 575 576 606 607 578 548 549 519 488 459 460 461 431 401 371 341 310 279 248 218 187 157 127 97 67 37 38 68 99 130 161 132 102 133 103 134 164 135 166 137 168 138 139 140 171 202 233 263 234 235 206 236 266 295 296 297 327 358 328 357 386 416 447 476 446 415 445 444 
455 486 517 548 578 608 579 610 581 611 582 583 585 555 525 526 496 497 528 529 560 531 500 501 502 533 504 473 474 
425 333 332 303 273 244 214 215 185 154 155 124 125 95 64 65 35 5 36 6 7 8 38 69 100 129 160 191 222 193 163 164 134 104 74 75 45 46 76 106 137 167 197 228 199 230 201 171 142 172 173 143 113 114 84 54 55 25 26 27 57 86 87 116 145 176 206 207 208 238 268 298 299 329 328 358 357 356 355 384 444 
425 392 393 424 454 514 543 542 571 541 572 603 633 632 631 662 663 692 722 752 753 784 754 725 696 727 697 728 698 699 668 637 607 578 608 639 609 579 549 580 550 551 520 489 490 521 491 522 492 493 524 525 495 526 556 586 588 558 589 559 530 531 500 471 441 411 382 413 414 443 444 
425 458 457 456 427 398 369 340 310 279 248 218 187 158 128 98 68 69 39 9 10 11 12 42 72 103 73 104 134 165 195 225 226 196 197 227 257 258 228 229 230 201 172 142 113 83 53 23 24 25 55 85 84 114 143 144 175 174 205 204 233 262 292 321 322 352 351 382 411 440 439 469 499 530 501 472 473 443 474 
455 516 485 454 424 364 363 332 301 300 271 241 242 212 182 181 151 150 120 121 122 123 94 63 64 95 125 155 185 216 246 277 308 338 369 370 340 341 311 282 253 223 224 194 165 195 225 256 257 227 198 169 170 141 111 81 82 52 53 83 114 84 115 144 173 174 175 206 207 208 237 266 296 326 355 324 354 353 382 412 444 
455 422 453 454 424 393 392 362 333 304 273 272 242 241 212 211 181 151 121 91 61 62 33 34 64 95 125 96 127 156 157 128 129 100 71 101 102 132 133 104 134 105 74 75 106 107 137 167 168 199 230 231 202 232 261 260 290 320 350 379 410 409 408 438 439 469 499 529 560 590 619 649 620 651 682 683 684 685 654 625 595 626 657 627 597 567 566 537 507 506 476 477 446 415 414 445 474 
425 517 518 548 577 576 605 634 663 693 724 755 725 756 726 757 787 818 788 758 727 728 697 668 639 609 579 580 610 611 581 612 582 584 613 614 645 616 617 648 649 620 651 621 592 561 562 533 502 503 444 
455 367 337 306 276 307 277 248 278 308 338 309 340 310 341 342 373 343 344 314 285 286 317 287 288 258 289 290 260 230 231 232 233 264 265 294 323 353 354 384 415 446 444 
455 363 392 362 333 303 273 244 245 214 213 184 215 216 246 217 218 189 219 248 279 308 339 338 368 398 427 458 489 520 551 581 611 642 612 583 554 584 613 644 674 704 734 765 735 706 736 767 768 798 828 829 859 830 831 802 773 744 743 712 742 711 710 680 681 650 651 621 652 622 592 591 560 561 530 499 469 440 471 441 412 442 413 443 473 444 
455 543 542 572 571 570 601 602 603 604 634 635 606 607 577 548 549 519 550 520 551 522 492 493 524 554 584 613 643 674 704 705 706 736 737 768 799 770 800 830 801 802 773 742 743 712 683 654 625 596 627 597 567 538 507 506 505 504 444 
455 512 543 574 603 604 605 576 606 635 634 633 632 631 661 662 692 691 721 752 751 781 782 812 813 784 785 815 816 817 847 818 788 758 759 789 790 820 821 792 762 733 734 764 794 824 795 825 855 826 797 798 799 769 740 771 741 772 802 803 833 834 835 804 773 744 743 712 742 711 710 709 679 650 680 681 651 682 653 623 624 595 626 657 658 628 598 597 596 566 565 535 505 504 475 444 
425 488 517 547 578 607 636 667 696 725 756 786 787 757 727 758 788 818 848 878 879 849 850 851 821 792 762 763 793 764 794 824 825 855 826 797 798 828 829 800 830 831 801 772 802 773 804 834 864 894 895 865 866 867 837 838 808 778 777 776 745 715 744 713 682 681 680 679 649 620 591 560 531 500 501 470 440 411 382 383 413 443 473 474 
425 482 481 511 541 572 602 601 632 663 664 665 666 696 725 756 786 816 815 845 876 847 817 818 788 758 759 789 790 760 731 761 792 823 824 854 855 825 796 797 768 738 708 678 679 709 740 771 772 802 773 743 712 682 681 652 621 622 623 592 561 532 531 530 499 470 469 439 409 379 349 319 320 290 260 291 262 292 293 322 351 352 383 414 443 444 
425 457 456 487 486 485 454 394 334 363 332 303 274 244 213 182 152 121 120 90 91 62 33 34 64 95 126 96 67 98 129 100 70 40 41 72 42 43 44 45 75 46 16 17 18 19 20 21 22 52 82 112 142 171 201 231 230 260 291 322 293 324 354 383 412 441 472 503 504 505 475 474 
455 392 362 333 332 301 300 270 271 241 211 212 183 154 155 126 96 97 128 158 187 218 249 278 309 339 369 400 430 460 490 520 550 580 609 639 668 698 729 699 700 670 701 731 762 732 763 793 824 794 764 734 705 736 767 738 708 709 740 771 801 772 802 803 833 834 835 836 806 805 776 777 746 715 714 685 655 626 596 595 566 537 536 505 504 473 444 
455 398 367 336 307 306 275 244 214 215 185 156 157 128 159 188 218 189 190 161 132 163 164 134 135 106 77 47 17 18 19 20 21 22 23 53 83 84 114 143 173 202 231 261 260 290 320 321 352 351 380 409 410 440 441 471 472 443 474 
425 362 333 304 305 306 276 275 274 245 246 215 216 185 154 155 125 95 66 96 67 98 128 159 160 189 190 220 251 281 311 340 369 399 398 427 456 457 488 518 547 548 577 607 608 609 639 670 640 610 641 642 612 582 583 584 614 585 587 588 618 648 619 590 591 592 622 652 682 712 742 773 804 775 746 745 716 687 686 657 626 627 598 597 566 535 534 533 502 471 441 411 382 383 384 385 414 474 
455 575 546 517 487 457 428 427 396 397 398 369 368 339 308 278 247 246 245 216 185 154 125 95 64 65 35 5 36 7 8 38 39 69 100 131 101 71 102 103 134 104 135 105 106 76 46 16 17 18 19 20 21 22 23 53 83 84 85 115 146 147 177 178 208 207 236 237 238 268 298 328 327 326 325 355 386 416 417 446 415 444 
425 305 304 273 274 245 246 277 278 308 279 310 280 281 251 282 312 343 373 344 314 345 346 347 377 378 348 349 379 380 351 352 383 384 413 414 445 444 
455 335 365 395 424 453 484 483 513 512 543 572 571 570 601 602 573 603 574 575 606 605 636 666 695 694 725 755 756 726 727 697 667 637 638 669 639 609 579 610 581 552 553 524 554 584 613 643 614 644 674 645 616 586 557 527 528 529 560 591 592 622 652 683 713 744 715 685 656 626 657 627 597 568 537 506 507 477 446 445 475 474 
425 423 422 421 391 361 331 330 300 301 302 271 242 243 214 213 184 215 185 216 246 247 278 308 338 368 399 398 427 457 487 516 545 576 605 634 635 636 637 667 668 638 639 640 611 612 643 613 584 554 525 555 556 527 557 588 558 529 560 561 591 621 651 650 680 681 712 742 773 804 834 864 865 895 896 866 867 837 807 776 745 715 716 686 687 656 657 626 597 596 595 564 533 534 504 444 
425 306 307 308 309 310 341 312 282 252 253 223 194 165 166 196 226 256 227 197 168 198 228 199 170 200 171 142 172 143 113 114 84 115 146 116 145 175 174 204 205 234 235 266 267 298 327 356 386 415 446 477 476 505 475 444 
455 548 577 608 579 609 639 610 641 671 672 642 612 583 584 613 644 643 674 704 675 676 706 736 767 768 798 828 799 770 800 830 801 802 803 833 863 893 864 834 835 806 805 774 775 745 744 743 714 683 682 681 680 679 649 620 590 559 530 500 531 532 533 534 505 504 475 445 474 
425 545 576 605 636 607 577 578 609 579 550 519 490 489 458 428 399 370 340 309 279 249 220 251 221 191 161 162 192 163 194 195 165 196 226 257 227 228 258 259 229 230 201 172 203 234 265 296 325 355 324 353 383 444 
455 336 367 338 368 339 308 278 247 246 215 216 185 156 127 97 128 159 130 131 101 71 102 133 103 73 104 134 164 165 194 195 196 166 167 137 108 79 109 110 139 169 200 171 142 172 202 231 230 261 260 290 320 350 380 381 411 442 443 473 474 
425 546 576 606 637 666 697 727 757 728 698 669 638 609 579 550 519 488 459 460 430 429 400 370 340 341 311 312 282 252 253 254 255 225 196 167 137 108 138 168 169 199 200 171 201 172 202 203 204 234 235 266 297 326 325 355 386 385 416 445 475 474 
455 576 547 577 607 636 665 664 663 692 723 722 753 782 781 780 810 811 812 813 814 784 755 725 696 666 637 608 609 580 551 581 552 522 492 493 523 553 583 554 584 585 555 525 556 586 557 527 558 588 619 590 621 651 652 653 654 623 622 592 562 531 530 500 470 440 411 382 353 324 295 326 357 388 387 416 415 446 476 474 
425 304 303 272 242 212 182 183 184 215 245 276 306 337 367 397 428 458 489 520 551 522 552 553 584 554 525 555 585 556 526 527 558 528 529 560 590 619 649 650 680 681 712 743 773 804 835 806 807 776 777 746 745 716 717 718 688 658 627 596 595 564 534 533 502 472 442 473 443 444 
455 489 459 428 399 370 340 309 278 247 217 187 158 128 98 129 100 101 72 42 73 103 133 104 134 164 194 224 225 226 196 166 137 107 77 78 79 109 80 111 142 143 113 84 85 86 87 117 146 145 175 204 205 235 236 267 296 325 354 384 444 
455 334 333 303 272 273 243 242 241 211 182 181 151 150 120 90 60 61 62 32 33 34 64 95 126 156 157 128 158 159 130 160 161 132 133 135 166 197 228 258 289 290 320 291 292 293 322 351 380 381 382 413 444 
455 574 573 602 601 631 632 663 662 693 694 665 636 607 638 669 639 610 640 670 701 671 702 703 734 764 735 766 736 767 768 798 828 858 859 889 890 891 892 893 864 834 835 804 773 742 713 712 681 680 679 649 620 590 559 530 499 500 531 532 502 473 474 
455 542 571 602 573 604 603 634 635 606 576 547 577 578 548 579 610 640 670 641 671 702 733 764 735 704 675 676 706 707 677 708 678 679 680 681 682 652 651 622 592 561 530 499 500 471 441 411 382 353 324 325 326 357 327 356 385 444 
425 369 400 399 398 427 457 458 489 518 548 577 607 608 639 640 641 671 702 733 763 794 825 826 827 797 767 738 768 799 830 800 770 740 771 741 742 743 714 715 686 656 627 596 595 565 534 533 504 474 
425 544 543 572 571 570 601 602 573 603 632 631 661 691 721 752 753 782 783 813 814 784 785 816 787 757 728 698 667 637 668 669 638 608 578 549 519 520 551 582 612 642 672 703 734 765 735 736 737 707 677 678 708 739 710 711 742 773 774 775 746 715 684 685 656 655 625 596 595 565 536 507 506 477 476 505 475 445 444 
425 518 488 459 430 429 400 370 340 310 280 250 281 282 312 283 253 223 194 165 166 196 197 227 257 258 228 229 259 290 320 291 260 261 232 262 233 234 263 264 295 326 355 354 385 415 416 445 475 444 
425 332 303 274 275 244 215 214 213 212 182 152 153 154 185 216 246 247 277 278 279 280 250 220 191 161 162 132 102 103 73 74 44 45 46 76 107 108 138 168 198 228 199 170 201 232 261 260 290 320 351 381 410 409 440 439 469 499 529 560 591 592 622 652 682 712 743 773 804 835 836 806 805 776 745 716 687 656 627 596 595 565 536 535 474 
455 368 367 397 428 458 489 520 550 580 611 582 612 583 585 555 526 496 497 528 529 560 531 530 501 502 474 
425 338 308 278 247 246 245 216 185 154 153 123 94 63 64 95 125 96 67 98 69 100 130 131 102 72 103 73 104 135 166 167 198 228 258 259 290 320 350 379 380 381 411 441 471 502 533 534 474 
455 333 334 365 396 426 456 457 458 489 520 550 580 611 581 552 522 492 493 494 495 496 497 528 529 560 591 592 623 593 563 533 503 473 444 
425 399 398 427 457 458 459 489 520 551 581 612 642 672 673 674 645 616 647 617 588 618 619 650 651 621 592 562 531 500 501 472 474 
425 429 400 370 340 310 279 248 218 187 158 128 98 69 99 130 101 72 42 43 44 45 46 76 106 137 107 138 108 79 109 110 81 82 53 83 113 143 172 203 232 262 233 263 294 295 324 325 326 356 385 384 414 474 
425 512 542 571 541 572 603 574 605 576 547 518 489 459 430 429 400 370 340 310 279 249 250 281 251 221 191 161 162 192 163 194 165 196 226 227 257 258 228 229 259 290 291 260 261 232 203 174 175 145 176 207 237 266 267 296 325 326 357 356 387 417 416 447 477 476 474 
455 577 578 548 519 490 489 458 428 397 366 365 364 393 362 331 330 300 271 242 212 211 181 152 122 92 91 90 60 61 62 32 33 34 64 95 125 96 97 128 129 100 101 132 102 72 42 43 74 44 45 46 76 77 47 17 18 19 20 21 22 23 53 54 55 25 26 27 57 87 86 117 116 145 176 175 174 204 205 234 263 264 295 325 326 356 387 388 418 417 416 447 446 445 474 
425 489 519 490 460 430 429 400 370 339 309 279 249 250 281 252 283 313 315 316 346 317 288 289 290 320 350 379 380 381 411 412 413 414 443 474 
455 362 331 332 303 272 242 243 214 245 276 306 337 367 397 428 459 490 520 550 580 609 638 667 696 727 757 788 818 819 789 820 790 761 731 702 733 764 794 824 825 826 827 857 858 859 889 890 891 892 893 864 834 835 806 805 774 773 742 711 680 679 649 620 590 559 530 501 471 441 411 382 353 384 415 446 447 477 476 474 
455 578 607 606 636 666 665 664 694 723 752 753 782 783 813 814 784 755 756 727 758 788 818 819 789 759 790 821 792 762 733 763 794 824 854 855 825 826 797 798 769 739 710 709 679 680 650 621 651 652 623 592 591 560 529 500 531 502 533 504 474 
425 543 542 571 602 573 604 633 634 635 664 665 636 637 608 578 549 580 611 582 613 614 585 555 556 586 557 588 558 589 559 590 561 532 503 473 443 444 
425 307 276 275 274 244 215 214 213 212 182 152 153 154 185 216 246 247 277 308 278 279 280 311 282 312 283 253 254 224 194 165 195 196 197 168 138 108 79 109 110 139 169 140 170 200 201 171 142 172 203 202 232 262 293 322 352 351 380 410 409 439 469 470 441 442 444 
425 276 306 275 274 244 213 183 152 122 121 91 90 60 61 62 32 33 34 64 95 126 156 157 128 158 129 160 161 162 193 224 194 165 196 166 137 168 198 199 170 141 171 142 112 81 82 53 54 55 85 84 114 143 173 202 233 263 292 321 322 352 351 381 382 412 444 
455 306 335 365 395 424 453 484 483 513 512 542 571 541 572 602 603 632 663 634 635 606 577 607 608 578 549 519 520 551 582 584 613 614 615 616 647 677 708 678 679 680 681 651 652 653 622 623 592 591 560 531 500 501 502 474 
425 391 361 331 330 300 270 271 242 212 211 182 181 152 153 154 185 216 217 247 278 309 310 280 311 281 282 252 283 313 343 373 374 375 346 317 288 289 290 261 231 201 171 172 142 112 81 82 53 54 55 85 84 114 143 173 204 205 206 236 267 298 328 329 359 389 388 417 416 447 477 476 505 504 475 444 
425 576 605 635 665 664 694 723 752 753 782 783 813 814 784 815 816 787 757 728 698 667 637 607 577 578 548 519 490 491 522 553 554 584 555 525 526 556 586 588 558 589 559 590 591 592 623 593 624 595 565 536 535 474 
455 304 335 366 396 426 456 457 458 489 519 549 580 611 581 612 582 583 585 556 526 496 527 528 529 560 591 621 651 682 683 684 685 655 656 687 657 628 629 599 598 597 596 595 565 536 507 506 477 446 475 445 444 
455 481 511 510 540 541 572 601 602 632 633 634 635 664 694 723 752 753 782 781 780 810 811 812 813 784 755 756 787 818 788 758 759 789 820 790 761 731 702 703 704 705 676 706 707 677 708 678 679 680 650 651 652 622 592 561 530 500 471 441 411 382 353 323 294 265 296 325 326 357 327 356 355 385 415 416 445 444 
455 399 370 340 309 278 247 246 216 185 154 153 123 94 63 64 95 125 96 97 128 159 130 131 102 132 163 134 164 165 194 224 225 256 227 197 228 258 289 290 320 291 260 231 202 232 262 233 234 263 294 295 324 325 326 357 356 387 386 385 444 
455 490 520 550 580 609 610 640 670 700 730 731 702 703 704 675 676 706 707 677 708 679 649 620 590 561 532 502 533 534 474 
455 606 635 665 664 694 723 752 753 782 783 813 814 784 785 755 725 696 697 667 668 637 638 608 578 549 519 488 459 428 427 396 397 366 365 364 393 362 333 304 305 306 276 307 277 248 218 249 279 280 310 341 311 282 312 283 313 344 314 285 255 286 256 226 227 228 199 169 200 201 231 202 203 234 263 264 295 326 357 327 356 355 384 414 444 
455 519 548 547 546 545 514 484 454 423 394 395 364 393 362 333 332 301 270 271 241 212 182 152 122 121 91 90 60 61 62 32 33 4 35 36 7 37 38 68 99 69 100 131 101 132 163 134 104 74 44 45 46 76 106 136 107 77 78 108 79 110 81 52 22 23 53 54 55 85 86 116 147 148 149 179 178 208 207 237 266 297 328 329 359 389 388 387 417 416 415 446 445 475 444 
455 361 332 303 273 243 214 215 185 216 246 247 277 308 278 279 280 281 252 283 313 314 345 375 346 317 288 289 290 291 260 261 232 202 233 234 263 294 295 325 326 356 387 386 417 446 415 444 
425 274 275 244 215 216 217 247 278 309 279 249 220 251 281 282 252 253 254 255 286 256 227 197 168 138 139 169 200 201 171 142 172 203 232 261 260 290 320 350 380 410 409 439 469 470 441 471 502 473 474 
455 572 571 602 573 604 603 634 664 665 696 666 637 608 607 577 548 519 550 521 491 490 460 459 430 429 400 370 340 310 280 311 341 342 312 283 313 343 373 374 404 375 346 317 288 289 290 261 232 203 204 205 234 235 236 207 237 266 267 268 298 328 329 359 389 388 418 417 416 447 446 477 476 474 
425 481 482 483 454 423 393 362 333 303 274 244 245 214 215 185 154 153 123 94 63 64 95 125 96 97 128 158 187 216 247 277 278 308 339 340 309 310 280 250 221 191 161 162 193 194 195 165 166 196 167 198 199 170 201 231 230 260 290 320 351 381 411 441 471 502 533 564 595 596 627 628 629 599 568 538 508 507 476 446 445 474 
455 451 481 511 510 540 570 600 601 631 661 662 693 694 665 636 637 668 639 609 580 551 581 611 582 552 522 492 493 524 555 525 495 496 497 528 529 499 500 530 501 471 441 412 413 414 474 
455 391 361 331 330 300 271 241 212 211 181 151 150 120 90 60 61 62 32 33 34 64 95 126 156 157 128 159 189 219 218 249 220 191 161 162 192 163 134 165 195 196 197 227 257 258 259 229 230 201 232 261 260 290 320 350 380 410 409 440 439 469 499 500 501 472 503 473 474 
425 275 306 337 367 397 428 458 489 518 548 577 606 635 664 694 724 725 754 783 782 781 780 810 811 812 813 784 815 785 816 787 817 847 818 848 878 879 880 881 882 883 853 823 793 794 824 795 796 797 767 768 738 708 678 679 680 650 621 652 653 623 593 594 595 596 566 565 534 533 503 473 443 444 
425 421 392 363 334 303 333 304 305 276 275 244 215 214 213 212 211 182 151 150 120 121 122 123 94 63 64 95 66 36 7 37 38 68 69 99 130 101 131 102 133 103 73 74 44 45 46 76 107 108 138 168 198 228 258 289 290 320 291 260 231 201 172 143 113 114 84 85 86 117 116 145 144 174 175 205 204 234 263 294 295 296 325 326 357 356 385 444 
455 459 460 490 520 551 582 552 522 553 524 554 584 613 614 585 555 525 556 586 557 527 528 529 560 590 591 592 622 652 683 714 715 686 687 656 655 625 595 566 537 507 506 477 446 475 444 
455 573 572 603 604 635 634 664 665 696 697 667 668 639 609 580 611 612 643 613 584 555 526 556 586 588 618 619 650 680 711 742 713 712 683 684 685 654 623 592 562 531 530 501 471 441 411 382 353 323 294 265 236 267 296 325 326 357 327 356 355 385 415 444 
425 302 301 300 270 271 242 243 212 211 181 152 153 184 215 245 276 306 337 367 398 429 460 490 520 550 580 609 638 667 696 727 757 787 817 847 818 819 849 879 880 881 882 883 853 823 793 794 764 734 735 706 736 767 768 738 708 739 710 711 680 679 649 620 590 559 530 500 499 469 439 440 411 382 353 384 415 416 445 474 
455 332 303 272 273 242 243 214 245 276 306 337 367 397 428 459 490 491 522 492 493 524 554 584 585 587 557 588 618 619 590 621 652 623 592 562 531 500 471 441 442 444 
425 451 481 511 510 540 541 572 601 602 603 604 633 664 665 636 606 576 547 518 489 458 428 397 366 365 364 393 363 334 303 273 272 242 212 182 181 151 121 91 90 60 61 62 32 33 4 35 36 7 37 67 98 128 129 100 101 72 42 73 104 134 135 105 74 75 45 46 76 77 78 79 109 110 81 82 53 83 113 143 173 202 232 262 233 263 234 265 296 297 326 356 387 388 417 416 415 446 447 477 476 505 474 
425 339 309 310 280 281 252 283 253 223 194 224 225 256 226 227 228 229 259 290 320 350 379 380 381 411 412 444 
455 549 579 609 638 667 696 727 758 788 818 848 878 879 849 819 789 759 729 699 700 670 640 610 641 671 702 733 764 794 825 855 885 886 887 888 889 890 891 892 893 864 834 835 804 773 744 713 712 742 711 680 681 682 652 653 622 623 593 594 595 564 534 533 502 503 444 
425 577 606 636 666 696 727 757 788 818 819 849 879 880 881 882 883 853 823 793 794 764 735 736 767 768 738 708 679 680 681 651 652 623 593 624 595 565 536 507 506 477 476 505 474 
455 337 368 338 308 278 247 246 245 214 215 216 185 156 126 96 66 36 7 37 38 69 100 130 131 101 132 102 133 104 75 45 46 76 106 137 108 138 168 169 140 170 200 230 231 202 203 232 261 260 290 320 351 380 381 410 409 439 469 470 441 471 442 472 503 473 443 474 
425 547 577 578 549 519 490 491 522 553 524 555 556 527 557 587 588 618 619 650 680 681 682 652 621 592 591 560 529 500 531 502 533 534 474 
455 429 399 370 340 310 280 250 281 252 253 254 224 194 165 196 167 198 228 199 200 201 171 172 143 113 83 53 54 55 25 26 27 57 87 86 117 146 175 174 173 202 203 204 205 235 234 263 264 295 324 325 326 357 327 356 355 354 385 384 414 444 
455 305 306 337 367 398 427 457 487 517 548 577 606 636 666 695 726 756 787 818 788 758 759 789 820 850 821 792 762 763 794 824 854 855 885 886 887 888 889 890 891 892 893 864 834 835 804 773 744 713 712 683 684 685 655 656 687 657 626 595 565 536 535 474 
425 519 518 489 459 428 397 366 365 364 393 363 334 303 274 275 244 213 212 211 182 152 122 92 62 33 4 35 36 7 37 67 98 128 129 160 161 162 193 224 194 165 166 196 226 257 227 197 228 229 230 201 171 142 112 143 113 114 84 54 55 25 26 27 57 87 86 116 145 144 174 173 204 205 235 234 263 264 295 326 357 388 387 417 416 445 444 
455 460 430 429 399 370 339 309 278 247 246 216 185 156 157 128 158 129 100 101 71 102 133 103 73 104 134 135 166 137 108 79 109 80 111 142 171 201 200 230 260 291 322 352 382 413 414 474 
425 303 302 301 270 271 242 243 212 182 181 151 150 120 121 122 123 94 63 64 95 125 96 97 128 159 189 219 249 279 280 309 338 368 398 429 430 460 490 520 550 580 609 639 669 670 640 610 641 612 582 552 522 492 493 494 495 496 527 528 529 560 590 591 592 622 652 683 714 715 686 687 656 655 626 657 628 629 599 598 597 596 566 565 536 535 504 474 
455 302 332 303 272 273 304 305 276 306 337 367 398 429 460 490 520 550 580 609 638 667 696 727 757 787 817 847 818 848 878 879 849 819 789 759 790 820 850 821 792 762 763 733 764 734 735 766 736 767 768 738 708 678 679 680 711 742 743 714 715 684 685 654 623 593 594 595 564 534 533 502 473 444 
425 331 332 362 363 364 395 424 453 484 483 513 512 542 511 510 540 541 572 602 573 604 574 605 635 664 694 725 754 783 813 814 784 755 786 756 727 758 788 818 819 849 879 880 881 882 883 853 823 793 794 824 825 855 826 827 857 858 859 889 890 891 892 893 864 834 835 804 773 743 712 683 684 685 654 624 593 563 533 504 444 
455 510 540 541 572 603 574 605 606 635 665 664 694 724 725 696 666 637 668 639 609 579 550 519 520 551 582 584 613 614 615 646 676 706 707 677 678 679 680 650 651 652 653 622 623 592 561 532 503 444 
455 421 392 363 334 303 333 304 273 243 214 213 183 152 153 154 185 216 246 247 277 308 278 279 280 310 341 312 283 313 343 373 374 375 346 317 288 289 290 291 260 261 232 262 233 263 234 265 296 325 326 357 386 417 446 415 444 
455 511 512 513 484 454 423 394 395 364 393 362 333 303 273 243 212 183 152 122 92 62 32 33 4 35 36 7 37 67 98 69 100 130 131 101 72 42 73 103 134 135 105 74 44 45 46 76 107 77 47 17 18 19 20 21 22 23 53 54 55 85 115 146 147 148 149 179 178 177 206 236 266 297 326 355 385 384 444 
455 480 510 540 541 542 543 514 484 454 423 394 395 364 393 363 334 303 302 301 300 270 271 241 212 211 182 152 122 92 91 90 60 61 62 32 33 34 64 95 125 96 67 98 69 100 130 101 72 42 43 74 75 45 46 76 77 78 108 138 139 169 140 170 200 201 171 172 143 113 83 53 54 55 85 86 117 116 147 148 149 179 178 208 207 236 267 298 327 326 355 354 383 444 
425 480 510 540 541 572 602 573 604 635 664 694 725 754 783 782 781 780 810 811 812 813 814 784 755 786 756 787 757 788 758 759 729 699 700 670 640 610 641 671 702 733 763 794 764 765 735 706 707 737 708 739 710 711 680 650 621 652 653 623 592 591 560 529 499 500 531 502 474 
455 450 451 481 511 510 540 541 572 602 573 603 604 635 664 694 725 754 783 782 781 780 810 811 812 813 814 784 755 786 756 787 757 788 818 848 878 879 849 819 789 759 729 699 700 670 640 610 581 611 582 612 642 672 673 674 645 616 647 677 678 708 739 710 711 680 650 621 652 653 623 592 591 560 529 499 500 531 502 474 
