0.0054575
0.0054575
0.0054575
0.0054575
0.0054575
0.0054575
0.0054575
0.0054575
0.0054575
0.0054575
0.0054575
0.0054575
0.0054575
0.0054575
0.0054575
0.0054575
0.0054575
0.0054575
0.0054575
0.0054575
0.0054575
0.0054575
0.0054575
0.0054575
0.0054575
0.0054575
0.0054575
0.0054575
0.0054575
0.0054575
0.0054575
0.0054575
0.0054575
0.0054575
0.0054575
0.0054575
0.0054575
0.0054575
0.0054575
0.0054575
0.0054575
0.0054575
0.0054575
0.0054575
0.0054575
0.0054575
0.0054575
0.0054575
0.0054575
0.0054575
0.0054575
0.0054575
0.0054575
0.0054575
0.0054575
0.0054575
0.0054575
0.0054575
0.0054575
0.0054575
0.0054575
0.0054575
0.0054575
0.0054575
0.0054575
0.0054575
0.0054575
0.0054575
0.0054575
0.0054575
0.0054575
0.0054575
0.0054575
0.0054575
0.0054575
0.0054575
0.0054575
0.0054575
0.0054575
0.0054575
0.0054575
0.0054575
0.0054575
0.0054575
0.0054575
0.0054575
0.0054575
0.0054575
0.0054575
0.0054575
0.0054575
0.0054575
0.0054575
0.0054575
0.0054575
0.0054575
0.0054575
0.0054575
0.0054575
0.0054575
0.0054575
0.0054575
0.0054575
0.0054575
0.0054575
0.0054575
0.0054575
0.0054575
0.0054575
0.0054575
0.0054575
0.0054575
0.0054575
0.0054575
0.0054575
0.0054575
0.0054575
0.0054575
0.0054575
0.0054575
0.0054575
0.0054575
0.0054575
0.0054575
0.0054575
0.0054575
0.0054575
0.0054575
0.0054575
0.0054575
0.0054575
0.0054575
0.0054575
0.0054575
0.0054575
0.0054575
0.0054575
0.0054575
0.0054575
0.0054575
0.0054575
0.0054575
0.0054575
0.0054575
0.0054575
0.0054575
0.0054575
0.0054575
0.0054575
0.0054575
0.0054575
0.0054575
0.0054575
0.0054575
0.0054575
0.005256
0.0050639
0.0046859
0.0046055
0.0045898
0.0045194
0.0045127
0.0040466
0.0039801
0.0037707
0.0036625
0.0035604
0.0034578
0.0033292
0.0032189
0.0031793
0.003135
0.0030535
0.003052
0.0030429
0.0027318
0.002648
0.0025829
0.0025815
0.0025017
0.0024886
0.0024219
0.002367
0.0023424
0.0022842
0.0021771
0.0021438
0.0020411
0.0019834
0.0018839
0.0016232
0.0015271
0.0014369
0.0014213
0.0013652
0.0013069
0.0012919
0.0012753
0.0012079
0.0011878
0.0010604
0.0010507
0.0010436
0.0009986
0.00099521
0.00089887
0.00088936
0.0008825
0.00084113
0.00083679
0.00082795
0.00082437
0.0007668
0.00072326
0.00063731
0.00062418
0.00057746
0.00057604
0.00052955
0.00050981
0.00050218
0.00047087
0.00046928
0.00045831
0.0004547
0.00044767
0.00044757
0.00044285
0.00043619
0.00043195
0.00039343
0.00038359
0.00036282
0.00036049
0.00031627
0.00031064
0.00029143
0.00028208
0.00026597
0.00025404
0.00024938
0.00023623
0.00020353
0.00019815
0.00015697
0.00015573
0.00015129
0.00014745
0.00014744
0.00013996
0.00012471
0.00012358
0.00011608
9.6834e-05
7.557e-05
7.0229e-05
6.9917e-05
6.5521e-05
6.2309e-05
6.1018e-05
5.6129e-05
5.5451e-05
4.8667e-05
4.61e-05
4.305e-05
3.9077e-05
3.907e-05
3.6161e-05
3.3253e-05
3.1628e-05
3.1379e-05
3.0944e-05
3.0264e-05
3.0022e-05
2.9111e-05
2.6576e-05
2.5261e-05
2.463e-05
2.3051e-05
2.2897e-05
2.1145e-05
2.0913e-05
2.0757e-05
2.0278e-05
1.9609e-05
1.8381e-05
1.7875e-05
1.4696e-05
1.4681e-05
1.4346e-05
1.1586e-05
1.0358e-05
9.7029e-06
9.0796e-06
8.4922e-06
8.4615e-06
7.7212e-06
7.5213e-06
7.1903e-06
7.1789e-06
7.0327e-06
6.9635e-06
6.1118e-06
5.9346e-06
5.2421e-06
3.9183e-06
3.7363e-06
3.4293e-06
2.9717e-06
7.2292e-07
7.1421e-07
6.7913e-07
