1.128069e-06
1.128069e-06
1.128069e-06
1.128069e-06
1.128069e-06
1.128069e-06
1.128069e-06
1.128069e-06
1.128069e-06
1.128069e-06
1.128069e-06
1.128069e-06
1.128069e-06
1.128069e-06
1.128069e-06
1.128069e-06
1.128069e-06
1.128069e-06
1.128069e-06
1.128069e-06
1.128069e-06
1.128069e-06
1.128069e-06
1.128069e-06
1.128069e-06
1.128069e-06
1.128069e-06
1.128069e-06
1.128069e-06
1.128069e-06
1.128069e-06
1.128069e-06
1.128069e-06
1.128069e-06
1.128069e-06
1.128069e-06
1.128069e-06
1.128069e-06
1.128069e-06
1.128069e-06
1.128069e-06
1.128069e-06
1.128069e-06
1.128069e-06
1.128069e-06
1.128069e-06
1.128069e-06
1.128069e-06
1.128069e-06
1.128069e-06
1.128069e-06
1.128069e-06
1.128069e-06
1.128069e-06
1.128069e-06
1.128069e-06
1.128069e-06
1.128069e-06
1.128069e-06
1.128069e-06
1.128069e-06
1.128069e-06
1.128069e-06
1.128069e-06
1.128069e-06
1.128069e-06
1.128069e-06
1.128069e-06
1.128069e-06
1.128069e-06
1.128069e-06
1.128069e-06
1.128069e-06
1.128069e-06
1.128069e-06
1.128069e-06
1.128069e-06
1.128069e-06
1.128069e-06
1.128069e-06
1.128069e-06
1.128069e-06
1.128069e-06
1.128069e-06
1.128069e-06
1.128069e-06
1.128069e-06
1.128069e-06
1.128069e-06
1.128069e-06
1.128069e-06
1.128069e-06
1.128069e-06
1.128069e-06
1.128069e-06
1.128069e-06
1.128069e-06
1.128069e-06
1.128069e-06
1.128069e-06
1.128069e-06
1.128069e-06
1.128069e-06
1.128069e-06
1.128069e-06
1.128069e-06
1.128069e-06
1.128069e-06
1.128069e-06
1.128069e-06
1.128069e-06
1.128069e-06
1.128069e-06
1.128069e-06
1.128069e-06
1.128069e-06
1.128069e-06
1.128069e-06
1.128069e-06
1.128069e-06
1.128069e-06
1.128069e-06
1.128069e-06
1.128069e-06
1.128069e-06
1.128069e-06
1.128069e-06
1.128069e-06
1.128069e-06
1.128069e-06
1.128069e-06
1.128069e-06
1.128069e-06
1.128069e-06
1.128069e-06
1.128069e-06
1.128069e-06
1.128069e-06
1.128069e-06
1.128069e-06
1.128069e-06
1.128069e-06
1.128069e-06
1.128069e-06
1.128069e-06
1.128069e-06
1.128069e-06
1.128069e-06
1.128069e-06
1.128069e-06
1.128069e-06
1.128069e-06
1.128069e-06
1.128069e-06
1.128069e-06
1.086425e-06
1.046718e-06
9.685850e-07
9.519760e-07
9.487200e-07
9.341760e-07
9.327910e-07
8.364310e-07
8.226910e-07
7.794140e-07
7.570550e-07
7.359490e-07
7.147280e-07
6.881450e-07
6.653620e-07
6.571620e-07
6.480055e-07
6.311660e-07
6.308480e-07
6.289800e-07
5.646760e-07
5.473531e-07
5.338880e-07
5.336081e-07
5.171033e-07
5.144088e-07
5.006210e-07
4.892636e-07
4.841808e-07
4.721540e-07
4.500082e-07
4.431354e-07
4.218959e-07
4.099796e-07
3.894150e-07
3.355153e-07
3.156483e-07
2.970130e-07
2.937850e-07
2.821989e-07
2.701368e-07
2.670340e-07
2.636007e-07
2.496820e-07
2.455257e-07
2.191925e-07
2.171800e-07
2.157109e-07
2.064135e-07
2.057120e-07
1.857980e-07
1.838318e-07
1.824150e-07
1.738625e-07
1.729660e-07
1.711400e-07
1.703990e-07
1.584997e-07
1.495000e-07
1.317332e-07
1.290184e-07
1.193613e-07
1.190683e-07
1.094600e-07
1.053791e-07
1.038020e-07
9.733062e-08
9.700053e-08
9.473300e-08
9.398727e-08
9.253455e-08
9.251345e-08
9.153800e-08
9.016133e-08
8.928482e-08
8.132219e-08
7.928872e-08
7.499581e-08
7.451364e-08
6.537386e-08
6.420930e-08
6.023900e-08
5.830699e-08
5.497649e-08
5.251119e-08
5.154809e-08
4.882904e-08
4.206944e-08
4.095800e-08
3.244579e-08
3.218906e-08
3.127108e-08
3.047764e-08
3.047514e-08
2.893063e-08
2.577851e-08
2.554472e-08
2.399397e-08
2.001589e-08
1.562047e-08
1.451647e-08
1.445201e-08
1.354333e-08
1.287940e-08
1.261264e-08
1.160195e-08
1.146190e-08
1.005954e-08
9.529048e-09
8.898598e-09
8.077277e-09
8.075796e-09
7.474467e-09
6.873422e-09
6.537532e-09
6.486060e-09
6.396291e-09
6.255538e-09
6.205552e-09
6.017258e-09
5.493256e-09
5.221590e-09
5.091127e-09
4.764620e-09
4.732793e-09
4.370788e-09
4.322723e-09
4.290503e-09
4.191406e-09
4.053235e-09
3.799322e-09
3.694852e-09
3.037619e-09
3.034673e-09
2.965443e-09
2.394765e-09
2.141009e-09
2.005617e-09
1.876767e-09
1.755348e-09
1.749016e-09
1.595987e-09
1.554668e-09
1.486246e-09
1.483891e-09
1.453667e-09
1.439371e-09
1.263320e-09
1.226690e-09
1.083563e-09
8.099138e-10
7.722928e-10
7.088520e-10
6.142596e-10
1.494299e-10
1.476291e-10
1.403770e-10
