0.0000e+00 
0.0000e+00 
0.0000e+00 
1.1492e-02 
3.3363e-02 
5.2831e-02 
4.5792e-02 
4.0306e-02 
2.8915e-02 
1.7744e-02 
7.6352e-03 
2.9493e-03 
4.4757e-04 
0.0000e+00 
0.0000e+00 
0.0000e+00 
5.4081e-04 
1.7382e-03 
1.7382e-03 
1.7382e-03 
5.4007e-03 
1.3360e-02 
2.7624e-02 
4.3381e-02 
4.8568e-02 
3.2214e-02 
1.7672e-02 
5.0273e-03 
0.0000e+00 
0.0000e+00 
0.0000e+00 
0.0000e+00 
8.0378e-03 
2.5722e-02 
4.5457e-02 
6.1554e-02 
5.1775e-02 
4.8177e-02 
3.4869e-02 
2.8068e-02 
1.8259e-02 
1.3507e-02 
1.0768e-02 
1.4323e-02 
1.3174e-02 
8.1305e-03 
1.0284e-02 
9.0033e-03 
1.3263e-02 
1.6379e-02 
2.0041e-02 
2.4338e-02 
2.9975e-02 
4.5742e-02 
4.8597e-02 
2.5868e-02 
2.2171e-02 
1.2987e-02 
0.0000e+00 
0.0000e+00 
5.6924e-03 
1.3929e-02 
2.9702e-02 
4.6204e-02 
5.6670e-02 
7.3647e-02 
6.2621e-02 
7.2068e-02 
7.0659e-02 
5.4164e-02 
5.1609e-02 
5.2122e-02 
5.4073e-02 
5.3065e-02 
5.7173e-02 
4.7588e-02 
4.9860e-02 
4.9120e-02 
4.8220e-02 
5.2910e-02 
5.6239e-02 
4.8613e-02 
5.0649e-02 
6.2441e-02 
5.4147e-02 
3.8058e-02 
3.3509e-02 
2.3997e-02 
3.6625e-03 
0.0000e+00 
1.6624e-02 
3.0184e-02 
4.9581e-02 
6.9294e-02 
7.1854e-02 
8.5964e-02 
8.6558e-02 
9.1189e-02 
1.0370e-01 
9.7651e-02 
9.4840e-02 
1.0492e-01 
1.1530e-01 
1.1730e-01 
1.0869e-01 
1.1683e-01 
1.1567e-01 
1.0901e-01 
1.0386e-01 
9.7748e-02 
1.0321e-01 
8.1409e-02 
8.2800e-02 
7.3379e-02 
6.2434e-02 
4.9059e-02 
4.5117e-02 
3.5335e-02 
1.5301e-02 
5.4575e-03 
1.2528e-02 
3.4968e-02 
6.0909e-02 
8.0970e-02 
9.0349e-02 
1.0195e-01 
1.0417e-01 
1.0724e-01 
1.1355e-01 
1.0825e-01 
1.0917e-01 
1.1842e-01 
1.2099e-01 
1.2990e-01 
1.1647e-01 
1.3049e-01 
1.1479e-01 
1.1673e-01 
1.1073e-01 
1.0450e-01 
9.8394e-02 
9.5823e-02 
9.7718e-02 
8.5374e-02 
8.8586e-02 
7.2068e-02 
6.1553e-02 
4.5449e-02 
2.5302e-02 
1.0002e-02 
2.1735e-03 
2.2449e-02 
5.1522e-02 
8.4611e-02 
1.1136e-01 
1.2362e-01 
1.0765e-01 
9.6693e-02 
1.0252e-01 
8.5493e-02 
8.1431e-02 
8.6236e-02 
7.2784e-02 
8.1737e-02 
7.6410e-02 
7.4193e-02 
6.4250e-02 
6.5901e-02 
6.6613e-02 
6.3107e-02 
6.6560e-02 
8.3532e-02 
9.8359e-02 
1.0070e-01 
8.8535e-02 
8.2565e-02 
6.7233e-02 
4.6812e-02 
1.7093e-02 
4.5442e-03 
0.0000e+00 
1.5480e-02 
5.2134e-02 
9.1984e-02 
1.2469e-01 
1.3593e-01 
1.3401e-01 
1.0407e-01 
9.0293e-02 
7.0351e-02 
5.5183e-02 
4.5878e-02 
3.9138e-02 
3.6501e-02 
3.6191e-02 
3.0522e-02 
2.7882e-02 
2.8371e-02 
3.1329e-02 
3.4926e-02 
4.5910e-02 
7.4834e-02 
8.9532e-02 
9.6412e-02 
1.0459e-01 
9.4357e-02 
7.5217e-02 
4.1881e-02 
9.4817e-03 
0.0000e+00 
0.0000e+00 
1.3692e-02 
5.8666e-02 
1.0338e-01 
1.3166e-01 
1.5661e-01 
1.5129e-01 
1.3413e-01 
9.1925e-02 
6.0302e-02 
4.4792e-02 
3.8310e-02 
2.8097e-02 
2.1998e-02 
1.8220e-02 
2.1853e-02 
2.0969e-02 
1.3918e-02 
1.9573e-02 
3.0246e-02 
4.9361e-02 
7.6274e-02 
1.0553e-01 
1.1331e-01 
1.1833e-01 
1.0973e-01 
8.4017e-02 
4.4781e-02 
1.1295e-02 
0.0000e+00 
2.6480e-03 
2.5704e-02 
8.0705e-02 
1.2424e-01 
1.3785e-01 
1.6779e-01 
1.7026e-01 
1.4920e-01 
1.1550e-01 
8.0695e-02 
5.8467e-02 
4.5366e-02 
4.9957e-02 
4.4306e-02 
3.6667e-02 
4.5182e-02 
4.2350e-02 
3.6665e-02 
3.5774e-02 
4.2983e-02 
6.8385e-02 
9.4891e-02 
1.2810e-01 
1.3341e-01 
1.3322e-01 
1.2953e-01 
1.0200e-01 
6.2712e-02 
1.5348e-02 
0.0000e+00 
1.3913e-02 
4.3469e-02 
9.3586e-02 
1.3246e-01 
1.5386e-01 
1.7779e-01 
1.8781e-01 
1.7005e-01 
1.4833e-01 
1.2608e-01 
9.9106e-02 
8.5952e-02 
8.7983e-02 
9.1683e-02 
8.3736e-02 
8.9670e-02 
8.4364e-02 
8.9470e-02 
9.3958e-02 
9.9547e-02 
1.0144e-01 
1.2605e-01 
1.4604e-01 
1.4583e-01 
1.4320e-01 
1.3906e-01 
1.1296e-01 
7.0117e-02 
2.8514e-02 
6.3658e-03 
3.0731e-02 
6.7285e-02 
1.0578e-01 
1.5327e-01 
1.7930e-01 
1.9183e-01 
1.9543e-01 
1.9886e-01 
1.9543e-01 
1.6535e-01 
1.4563e-01 
1.3931e-01 
1.4708e-01 
1.5173e-01 
1.4381e-01 
1.4981e-01 
1.4668e-01 
1.4220e-01 
1.5042e-01 
1.3532e-01 
1.4248e-01 
1.5428e-01 
1.7252e-01 
1.6461e-01 
1.5342e-01 
1.3799e-01 
1.1526e-01 
8.3136e-02 
4.3403e-02 
2.0240e-02 
2.4269e-02 
5.9982e-02 
1.0827e-01 
1.5588e-01 
1.8718e-01 
2.0628e-01 
2.0597e-01 
2.0775e-01 
1.7991e-01 
1.5901e-01 
1.5879e-01 
1.4258e-01 
1.4815e-01 
1.3731e-01 
1.4702e-01 
1.4290e-01 
1.4074e-01 
1.4033e-01 
1.3438e-01 
1.2993e-01 
1.4681e-01 
1.5437e-01 
1.5983e-01 
1.6148e-01 
1.5881e-01 
1.3965e-01 
1.1419e-01 
7.5820e-02 
3.8841e-02 
1.7054e-02 
3.6625e-03 
2.8449e-02 
9.0077e-02 
1.4936e-01 
1.9703e-01 
2.1304e-01 
2.0777e-01 
1.7505e-01 
1.4629e-01 
1.1907e-01 
9.8761e-02 
7.9060e-02 
6.3026e-02 
6.0335e-02 
7.1522e-02 
6.6423e-02 
6.8706e-02 
6.9395e-02 
7.2654e-02 
8.8040e-02 
1.1491e-01 
1.3109e-01 
1.4207e-01 
1.5832e-01 
1.6905e-01 
1.5802e-01 
1.2458e-01 
7.4043e-02 
2.4117e-02 
4.5260e-03 
0.0000e+00 
1.0140e-02 
7.0775e-02 
1.6277e-01 
2.1615e-01 
2.3129e-01 
2.1416e-01 
1.6684e-01 
1.2344e-01 
7.0744e-02 
4.2747e-02 
1.9942e-02 
1.0263e-02 
1.2591e-02 
1.1013e-02 
1.2292e-02 
1.2048e-02 
1.7620e-02 
2.0051e-02 
3.9534e-02 
6.6639e-02 
8.4096e-02 
1.1596e-01 
1.4907e-01 
1.7523e-01 
1.5160e-01 
9.4019e-02 
4.5720e-02 
5.4685e-03 
0.0000e+00 
0.0000e+00 
2.2306e-03 
6.0542e-02 
1.6511e-01 
2.1004e-01 
5.0364e-01 
1.8498e-01 
1.6024e-01 
1.0505e-01 
5.1996e-02 
1.8703e-02 
2.4188e-03 
0.0000e+00 
0.0000e+00 
0.0000e+00 
0.0000e+00 
0.0000e+00 
0.0000e+00 
2.4256e-03 
1.5242e-02 
3.1451e-02 
5.9751e-02 
1.1159e-01 
1.4777e-01 
0.0000e+00 
1.4241e-01 
9.7518e-02 
3.4825e-02 
0.0000e+00 
0.0000e+00 
6.7913e-07 
1.1753e-03 
6.6742e-02 
1.7002e-01 
1.9673e-01 
4.9636e-01 
1.8293e-01 
1.5465e-01 
1.0599e-01 
4.9029e-02 
1.2353e-02 
1.3681e-03 
0.0000e+00 
0.0000e+00 
0.0000e+00 
0.0000e+00 
0.0000e+00 
0.0000e+00 
4.5170e-03 
1.4575e-02 
3.4813e-02 
5.8694e-02 
1.1411e-01 
1.4572e-01 
0.0000e+00 
1.3856e-01 
9.9175e-02 
3.0815e-02 
0.0000e+00 
0.0000e+00 
1.4371e-06 
6.9883e-03 
7.8782e-02 
1.6118e-01 
2.1016e-01 
2.2433e-01 
2.1618e-01 
1.6728e-01 
1.2131e-01 
7.8041e-02 
3.8860e-02 
1.3556e-02 
9.5498e-03 
1.5041e-02 
1.3084e-02 
1.0225e-02 
1.4122e-02 
1.4090e-02 
1.8013e-02 
3.5654e-02 
5.7336e-02 
8.3019e-02 
1.1317e-01 
1.4375e-01 
1.6417e-01 
1.4615e-01 
9.8668e-02 
4.7027e-02 
4.5571e-03 
0.0000e+00 
8.2929e-04 
2.4011e-02 
8.6260e-02 
1.5242e-01 
1.8871e-01 
2.1470e-01 
2.0639e-01 
1.8564e-01 
1.4189e-01 
1.2010e-01 
8.8550e-02 
6.6662e-02 
6.5814e-02 
7.0827e-02 
6.6629e-02 
5.9909e-02 
6.4253e-02 
6.1902e-02 
7.9474e-02 
8.6129e-02 
1.0744e-01 
1.2251e-01 
1.4647e-01 
1.6916e-01 
1.7080e-01 
1.4790e-01 
1.1701e-01 
7.0932e-02 
2.1968e-02 
6.9846e-03 
1.7541e-02 
4.9074e-02 
1.0442e-01 
1.3843e-01 
1.5443e-01 
1.7501e-01 
1.8135e-01 
1.6890e-01 
1.6445e-01 
1.5228e-01 
1.4921e-01 
1.3907e-01 
1.4345e-01 
1.4441e-01 
1.3350e-01 
1.2742e-01 
1.3957e-01 
1.2237e-01 
1.4091e-01 
1.3981e-01 
1.4393e-01 
1.6745e-01 
1.7681e-01 
1.7239e-01 
1.6890e-01 
1.3998e-01 
1.1209e-01 
6.9179e-02 
4.0945e-02 
2.1946e-02 
2.5465e-02 
5.0221e-02 
8.6774e-02 
1.2354e-01 
1.3771e-01 
1.5486e-01 
1.7760e-01 
1.7151e-01 
1.6569e-01 
1.4531e-01 
1.4254e-01 
1.5030e-01 
1.4171e-01 
1.4561e-01 
1.4678e-01 
1.3885e-01 
1.5129e-01 
1.3565e-01 
1.4802e-01 
1.4047e-01 
1.4563e-01 
1.6340e-01 
1.5881e-01 
1.4693e-01 
1.6293e-01 
1.4459e-01 
1.1504e-01 
7.6810e-02 
4.2891e-02 
1.6637e-02 
9.9335e-03 
3.3248e-02 
6.7292e-02 
1.0883e-01 
1.3367e-01 
1.4456e-01 
1.5392e-01 
1.4300e-01 
1.2412e-01 
9.9973e-02 
1.0003e-01 
8.9149e-02 
7.1243e-02 
8.7470e-02 
8.8860e-02 
8.8866e-02 
8.6705e-02 
8.1444e-02 
8.8742e-02 
8.6730e-02 
1.1131e-01 
1.3415e-01 
1.4987e-01 
1.5032e-01 
1.5753e-01 
1.4069e-01 
1.1078e-01 
7.4219e-02 
3.1001e-02 
5.7219e-03 
0.0000e+00 
1.5244e-02 
5.6172e-02 
1.0264e-01 
1.2513e-01 
1.4744e-01 
1.6106e-01 
1.3408e-01 
9.5305e-02 
6.8420e-02 
5.6282e-02 
4.2185e-02 
2.8342e-02 
3.4317e-02 
3.7452e-02 
3.3570e-02 
3.4912e-02 
3.8722e-02 
3.9899e-02 
4.4982e-02 
7.3802e-02 
1.0035e-01 
1.3432e-01 
1.4882e-01 
1.4020e-01 
1.2993e-01 
1.0065e-01 
5.9968e-02 
1.6684e-02 
0.0000e+00 
0.0000e+00 
4.4954e-03 
4.1785e-02 
9.4573e-02 
1.2227e-01 
1.3179e-01 
1.3363e-01 
1.1178e-01 
8.6256e-02 
5.7898e-02 
3.9079e-02 
3.4473e-02 
2.1924e-02 
2.0242e-02 
2.3164e-02 
2.0800e-02 
1.6262e-02 
2.3549e-02 
2.1833e-02 
3.1041e-02 
6.0897e-02 
7.9653e-02 
1.1607e-01 
1.4078e-01 
1.2667e-01 
1.1687e-01 
8.6046e-02 
3.8320e-02 
8.9340e-03 
0.0000e+00 
0.0000e+00 
9.9345e-03 
3.8288e-02 
8.3915e-02 
1.0551e-01 
1.1620e-01 
1.0695e-01 
8.8546e-02 
7.5388e-02 
6.0198e-02 
5.2213e-02 
4.6856e-02 
3.8213e-02 
2.9110e-02 
3.5245e-02 
3.5095e-02 
2.6813e-02 
2.6974e-02 
2.9206e-02 
4.2281e-02 
6.3294e-02 
7.8450e-02 
1.0182e-01 
1.0582e-01 
1.1442e-01 
1.0337e-01 
7.5367e-02 
3.6615e-02 
7.3442e-03 
0.0000e+00 
1.4369e-03 
1.7596e-02 
4.1996e-02 
7.4844e-02 
9.2383e-02 
1.0165e-01 
9.3689e-02 
8.5092e-02 
8.2575e-02 
7.7582e-02 
8.0678e-02 
7.4561e-02 
7.6784e-02 
7.5169e-02 
7.9410e-02 
8.0593e-02 
6.7815e-02 
6.0013e-02 
6.7897e-02 
7.4366e-02 
7.7166e-02 
8.0411e-02 
1.0072e-01 
9.9086e-02 
1.0172e-01 
8.8429e-02 
6.9893e-02 
4.5393e-02 
2.1436e-02 
5.4575e-03 
1.0243e-02 
3.0410e-02 
5.0305e-02 
7.0340e-02 
8.6409e-02 
1.0019e-01 
9.4348e-02 
9.2083e-02 
8.8095e-02 
1.0226e-01 
1.0449e-01 
1.0776e-01 
1.0046e-01 
1.2299e-01 
1.2017e-01 
1.3116e-01 
1.2939e-01 
1.1281e-01 
1.0368e-01 
1.0370e-01 
9.8957e-02 
1.0075e-01 
1.0697e-01 
8.8698e-02 
8.5697e-02 
6.5782e-02 
5.7978e-02 
4.3012e-02 
2.8843e-02 
1.5979e-02 
1.0424e-02 
1.9942e-02 
3.1486e-02 
4.6393e-02 
6.2360e-02 
8.4515e-02 
8.9843e-02 
8.8137e-02 
8.3242e-02 
8.0989e-02 
9.0404e-02 
1.0506e-01 
9.0949e-02 
1.1431e-01 
1.1128e-01 
1.1754e-01 
1.1698e-01 
1.1303e-01 
1.0759e-01 
9.8435e-02 
8.6753e-02 
8.9131e-02 
8.8178e-02 
7.8093e-02 
6.4331e-02 
5.1906e-02 
4.3480e-02 
3.5467e-02 
1.7928e-02 
1.0521e-02 
2.7628e-03 
8.2203e-03 
2.2672e-02 
4.3903e-02 
5.3419e-02 
6.3222e-02 
6.5347e-02 
6.7015e-02 
5.9815e-02 
4.5148e-02 
5.3302e-02 
5.5847e-02 
5.0412e-02 
4.9753e-02 
5.1440e-02 
5.0698e-02 
4.9036e-02 
6.2994e-02 
5.3998e-02 
5.0132e-02 
4.8207e-02 
5.2307e-02 
5.1328e-02 
6.3401e-02 
5.5653e-02 
3.9684e-02 
3.5693e-02 
2.3355e-02 
6.0175e-03 
0.0000e+00 
0.0000e+00 
0.0000e+00 
9.3309e-03 
2.4017e-02 
3.2308e-02 
4.6024e-02 
4.9981e-02 
4.5199e-02 
3.3715e-02 
2.5562e-02 
2.2185e-02 
1.5090e-02 
1.2359e-02 
6.8503e-03 
8.1373e-03 
7.4035e-03 
7.8905e-03 
1.4518e-02 
1.2036e-02 
1.2420e-02 
1.8794e-02 
2.1376e-02 
2.9472e-02 
5.0169e-02 
4.8263e-02 
2.8708e-02 
2.3544e-02 
1.2473e-02 
0.0000e+00 
0.0000e+00 
0.0000e+00 
0.0000e+00 
0.0000e+00 
1.1810e-02 
2.9474e-02 
4.5873e-02 
4.3543e-02 
3.6459e-02 
2.4994e-02 
1.5231e-02 
7.9161e-03 
2.4586e-03 
3.6693e-05 
3.6693e-05 
0.0000e+00 
1.5494e-05 
1.5494e-05 
1.5426e-03 
1.5426e-03 
4.2624e-03 
9.7199e-03 
1.7759e-02 
2.8674e-02 
4.4809e-02 
4.7769e-02 
3.3605e-02 
1.8354e-02 
5.0639e-03 
0.0000e+00 
0.0000e+00 
