1.000000
0.996742
0.995342
0.991777
0.978761
0.975408
0.969371
0.966611
0.960938
0.954346
0.950587
0.939539
0.938649
0.935192
0.918312
0.908068
0.906100
0.902697
0.900487
0.899718
0.886685
0.883154
0.878659
0.864104
0.863286
0.861071
0.859642
0.836823
0.827136
0.822137
0.819443
0.815729
0.811490
0.810407
0.806461
0.798244
0.785886
0.782654
0.778903
0.771613
0.770982
0.766549
0.761780
0.760056
0.755351
0.753541
0.732362
0.733001
0.728300
0.726349
0.724874
0.722782
0.719599
0.705696
0.704280
0.703671
0.702090
0.691311
0.687239
0.684161
0.676939
0.674895
0.672119
0.666597
0.665277
0.663662
0.652588
0.651033
0.648395
0.648040
0.635071
0.634776
0.632756
0.631551
0.624524
0.621367
0.618430
0.615221
0.607274
0.600990
0.600761
0.596167
0.592352
0.591213
0.590382
0.590750
0.584308
0.577454
0.571823
0.569908
0.566688
0.563118
0.556170
0.554804
0.553341
0.552750
0.549824
0.545807
0.538365
0.538331
0.535330
0.531698
0.525961
0.522584
0.521198
0.520694
0.516460
0.513608
0.508945
0.505586
0.503948
0.498812
0.497787
0.493731
0.490058
0.487976
0.484532
0.482855
0.481095
0.479169
0.475168
0.476151
0.469995
0.465069
0.459003
0.457088
0.455278
0.454441
0.453087
0.451505
0.450051
0.449287
0.444755
0.443569
0.442267
0.431874
0.429081
0.427197
0.425670
0.424546
0.423064
0.421565
0.417226
0.414539
0.409527
0.409086
0.408255
0.407074
0.405611
0.404769
0.402475
0.398794
0.395970
0.393570
0.390941
0.383832
0.382253
0.381726
0.379716
0.379263
0.377402
0.374556
0.374280
0.368971
0.366507
0.365744
0.365284
0.361791
0.359071
0.357156
0.355382
0.352872
0.353478
0.351958
0.350421
0.346244
0.345049
0.344067
0.342650
0.339675
0.337975
0.334897
0.328791
0.328565
0.326990
0.324682
0.323165
0.320874
0.319916
0.318584
0.317137
0.316176
0.315237
0.314136
0.312799
0.311630
0.309889
0.307058
0.306576
0.305795
0.303643
0.298013
0.296895
0.293057
0.292483
0.290100
0.288339
0.287006
0.286123
0.285660
0.284895
0.283850
0.282237
0.280201
0.278977
0.277140
0.275949
0.273824
0.272041
0.270218
0.269052
0.268168
0.267736
0.266211
0.265551
0.264023
0.261141
0.260593
0.259718
0.256995
0.255564
0.254485
0.250253
0.248624
0.247222
0.246447
0.245469
0.245220
0.244706
0.242622
0.240158
0.238868
0.238048
0.236320
0.235113
0.234707
0.234051
0.233776
0.232960
0.231024
0.232070
0.230108
0.228952
0.227607
0.222856
0.222318
0.221040
0.220044
0.219388
0.216650
0.215638
0.213875
0.212723
0.212439
0.211208
0.211028
0.209872
0.209396
0.206042
0.205645
0.205157
0.204790
0.202644
0.202187
0.201158
0.200649
0.200249
0.199543
0.197694
0.197073
0.195494
0.193081
0.192706
0.191721
0.191105
0.190154
0.189487
0.188381
0.187498
0.186561
0.183467
0.182033
0.180249
0.179740
0.178810
0.178604
0.177900
0.177724
0.177096
0.176517
0.175196
0.174479
0.173396
0.172115
0.171421
0.171238
0.169832
0.169625
0.168733
0.168473
0.167781
0.167669
0.167260
0.165087
0.163672
0.163197
0.161907
0.160663
0.159018
0.157412
0.155708
0.155146
0.154419
0.153438
0.153238
0.152651
0.152338
0.151790
0.151301
0.150421
0.149835
0.149124
0.148401
0.147660
0.147341
0.145871
0.146108
0.145246
0.144138
0.143633
0.143333
0.142848
0.143064
0.141165
0.140024
0.139300
0.139056
0.137278
0.135237
0.135126
0.134494
0.134311
0.133963
0.133188
0.132642
0.131900
0.130544
0.130017
0.129445
0.128728
0.128336
0.127383
0.127026
0.126271
0.125791
0.125316
0.125074
0.124422
0.123897
0.123634
0.122941
0.122394
0.121881
0.121030
0.120374
0.119977
0.119179
0.118409
0.118265
0.117197
0.116894
0.115795
0.115388
0.114701
0.113674
0.112621
0.111768
0.111390
0.111216
0.110925
0.109902
0.109641
0.109507
0.109071
0.108263
0.107975
0.106918
0.106781
0.106677
0.105945
0.105464
0.104866
0.104655
0.104130
0.103860
0.102997
-0.010176
0.102558
0.101898
0.101562
0.101204
0.100811
0.100271
0.100029
0.099151
0.098647
0.097781
0.096752
0.096533
0.096223
0.095759
0.094822
0.094469
0.094136
0.093461
0.093547
0.093041
0.092558
0.091718
0.091357
0.091011
0.090744
0.090485
0.090127
-0.004494
0.089334
0.089098
0.088809
0.088526
0.088207
0.087714
0.087559
0.087158
0.086907
0.086471
0.086025
0.085864
0.085501
0.084792
0.084738
-0.003514
0.083757
0.082995
0.082810
0.082219
0.081736
0.081512
0.081148
-0.002282
0.080321
0.080024
0.079879
0.079252
0.078846
0.078578
0.078231
0.078176
0.077774
0.077362
0.077030
0.076504
0.076213
-0.000463
-0.000134
-0.000179
0.000002
0.000186
0.075557
0.075633
0.075658
0.075099
0.074786
0.074624
0.074135
0.073675
0.073513
0.073401
0.072986
0.072611
0.000847
0.072063
0.071945
0.001145
0.001132
0.071392
0.071175
0.070879
0.070625
0.001346
0.070135
0.069879
0.001648
0.001653
0.001722
0.001753
0.001757
0.069529
0.069138
0.068771
0.002089
0.002240
0.002277
0.002415
0.002504
0.002510
0.068242
0.002948
0.003069
0.067647
0.067511
0.067169
0.003277
0.003453
0.003621
0.066826
0.066508
0.066448
0.066297
0.066026
0.065689
0.065537
0.065466
0.065174
0.003796
0.003982
0.004119
0.064800
0.004352
0.004453
0.064350
0.064133
0.004689
0.063811
0.063621
0.063432
0.063144
0.062957
0.062722
0.062435
0.062276
0.004872
0.061787
0.005171
0.005224
0.005319
0.005400
0.005471
0.005590
0.005660
0.005793
0.005988
0.061389
0.061226
0.060933
0.060739
0.060541
0.006233
0.006347
0.006436
0.060077
0.006646
0.006714
0.006837
0.059855
0.007036
0.007088
0.059403
0.059215
0.007344
0.007477
0.007528
0.007611
0.058924
0.007976
0.007995
0.008070
0.058555
0.058398
0.008339
0.008438
0.008602
0.008713
0.008789
0.008868
0.057955
0.009112
0.009265
0.009297
0.057469
0.057321
0.057175
0.009547
0.009671
0.009750
0.009850
0.010009
0.010209
0.010270
0.010361
0.010534
0.010644
0.010737
0.010892
0.056824
0.011071
0.056529
0.056359
0.056230
0.056177
0.055861
0.011406
0.055519
0.011586
0.011740
0.011789
0.011959
0.012035
0.012110
0.012238
0.012256
0.055177
0.055041
0.054895
0.054730
0.054617
0.012543
0.012623
0.012766
0.012936
0.012861
0.054390
0.054396
0.013167
0.013392
0.013423
0.013577
0.013796
0.013871
0.014067
0.013945
0.053887
0.014382
0.014441
0.014657
0.053485
0.053360
0.053192
0.053034
0.014823
0.015078
0.015132
0.015291
0.015332
0.015530
0.015561
0.015762
0.015888
0.015943
0.016109
0.016244
0.016368
0.052752
0.052655
0.052554
0.016564
0.016694
0.052274
0.016924
0.051969
0.017216
0.017304
0.017378
0.017562
0.051771
0.051673
0.051550
0.017810
0.017890
0.018121
0.018156
0.018223
0.018446
0.051201
0.051076
0.018720
0.018824
0.018899
0.019090
0.019310
0.019426
0.050814
0.050610
0.019667
0.019751
0.019857
0.020147
0.020114
0.020351
0.020487
0.020547
0.020786
0.020922
0.021147
0.021282
0.021462
0.021596
0.021682
0.050270
0.050207
0.021870
0.050007
0.049859
0.049704
0.049337
0.049393
0.022110
0.022216
0.022452
0.022559
0.022717
0.022801
0.022928
0.049120
0.023321
0.023344
0.023443
0.023469
0.023697
0.023915
0.024204
0.048666
0.024448
0.024547
0.024741
0.024883
0.025051
0.025141
0.025341
0.025490
0.025692
0.025774
0.025831
0.048391
0.048316
0.048247
0.048148
0.047963
0.047720
0.047589
0.047439
0.026253
0.026456
0.026543
0.026693
0.026803
0.026878
0.026982
0.047050
0.047031
0.046975
0.046769
0.046667
0.046489
0.046372
0.027279
0.027429
0.027393
0.027625
0.046130
0.027810
0.045892
0.027959
0.028186
0.028249
0.028453
0.045614
0.045568
0.045469
0.045371
0.045150
0.045062
0.044928
0.028696
0.028667
0.029008
0.029081
0.029192
0.029417
0.029632
0.029788
0.029874
0.044671
0.030043
0.030106
0.044444
0.044328
0.044134
0.044079
0.030374
0.030443
0.030614
0.030731
0.030893
0.031047
0.031118
0.043869
0.031347
0.031494
0.031675
0.031822
0.043604
0.043412
0.043324
0.043173
0.043123
0.043010
0.042746
0.042606
0.042521
0.042453
0.042338
0.032170
0.032217
0.032430
0.041994
0.032585
0.032668
0.032828
0.041863
0.041689
0.033096
0.041493
0.041341
0.041242
0.041143
0.041009
0.040818
0.040670
0.040742
0.040491
0.040372
0.033222
0.033446
0.033552
0.033624
0.033820
0.033998
0.033955
0.034150
0.040205
0.040005
0.039881
0.039688
0.039589
0.034403
0.034495
0.034582
0.034635
0.034820
0.034949
0.039328
0.039290
0.039140
0.039090
0.035211
0.038754
0.038572
0.038478
0.038372
0.038192
0.038074
0.037935
0.037822
0.035481
0.035585
0.035711
0.037613
0.037521
0.037346
0.037174
0.035905
0.036015
0.036103
0.036266
0.037043
0.036931
0.036796
0.036430
0.036623
0.036579
